2
394
995.567985 56.550663 
964.000019 213.108789 
999.881104 187.860424 
994.744271 30.882735 
945.284926 286.390707 
993.177664 82.094314 
991.144208 100.774365 
999.346755 11.662585 
994.544704 154.716410 
995.808690 180.063483 
996.320982 34.719436 
992.156085 94.364199 
995.701255 71.835393 
982.127239 167.265922 
993.440592 147.286354 
993.479405 56.885292 
996.203427 43.955098 
988.102426 237.388013 
999.375820 90.761095 
995.600000 21.451277 
989.952488 162.903282 
993.454381 95.859649 
994.268040 25.805929 
994.390061 112.402747 
994.754612 36.786300 
985.083801 166.596707 
997.924680 96.752767 
988.547065 124.546758 
1000.000000 38.297604 
990.161115 91.228165 
999.871715 84.488020 
994.833554 67.579380 
994.610713 122.779171 
998.986097 259.472877 
944.743058 283.100984 
999.645462 39.532610 
988.373333 123.141286 
994.516450 67.261218 
994.792218 157.534291 
998.002848 54.472348 
629.125187 673.758058 
995.374573 35.479987 
997.569822 32.795329 
975.727642 222.377591 
982.169309 358.522902 
997.194323 30.611739 
987.779418 170.643031 
991.492096 173.783136 
996.438192 40.348289 
988.571268 95.152062 
999.196278 15.323196 
997.739140 31.850027 
996.387240 38.372200 
703.484619 595.684199 
996.827534 90.767386 
997.630134 43.217073 
996.858823 87.106691 
995.648647 43.457266 
963.792087 299.567404 
994.487036 20.194441 
992.801513 116.536876 
996.736844 51.890539 
990.587576 102.372919 
994.040787 42.803513 
995.805522 84.936486 
989.060748 99.625121 
990.704326 75.236282 
993.017737 101.050437 
942.715952 287.620844 
990.175635 122.898620 
999.165159 32.632144 
896.729873 325.895854 
989.525812 170.864052 
994.550797 47.021121 
997.762915 55.917607 
998.222968 33.375934 
997.675723 68.802279 
995.590680 44.312695 
982.120383 123.770807 
995.851443 97.685285 
961.792761 255.539478 
986.336005 164.971368 
993.988516 130.123008 
997.406422 33.041848 
970.465831 210.341607 
997.520762 33.877094 
994.219514 183.671184 
997.983086 96.837551 
993.709690 27.071787 
997.630582 181.924494 
990.822437 104.540772 
897.512216 373.764095 
996.283606 55.084918 
993.527025 108.272919 
995.482683 56.805829 
999.767021 141.322502 
796.172728 496.037216 
998.217447 60.625781 
993.799629 46.534175 
987.126224 166.885793 
903.392194 329.661372 
997.394666 47.534565 
994.412125 47.039348 
997.041977 103.302497 
998.150979 79.683953 
999.550056 9.441288 
954.530947 215.071384 
993.792526 65.803824 
996.365994 31.431950 
990.741336 69.341606 
994.203328 88.884425 
998.002113 36.619851 
992.825080 141.647233 
998.808965 26.712567 
994.458017 30.946915 
997.107144 2.184932 
992.414451 117.565117 
989.406227 121.412508 
998.934026 73.835104 
995.194631 94.150643 
833.777077 477.054325 
995.906388 52.903896 
996.866286 28.659302 
897.678713 382.569011 
983.733192 121.783705 
987.012750 151.353067 
961.806712 214.564539 
976.597555 188.572889 
999.594544 55.212428 
999.333054 96.661002 
993.501479 49.273068 
988.758019 88.001496 
994.748232 120.780451 
993.387286 159.013963 
996.237385 160.338145 
999.791940 128.603526 
998.361753 108.981074 
988.475140 182.396684 
985.935363 251.677978 
992.887282 97.840189 
999.146771 74.028862 
999.557373 93.095997 
999.773680 80.801123 
994.630101 68.358332 
999.153219 44.639004 
699.869657 600.785176 
995.841001 26.241901 
999.588217 19.381641 
990.654982 190.111301 
988.847655 134.762557 
999.049819 143.316111 
998.514512 14.336655 
983.616866 177.595671 
998.551618 109.934479 
995.340214 29.901800 
993.183531 144.830726 
964.827006 205.914520 
999.981790 7.143154 
999.810526 78.003661 
999.647340 37.740104 
997.404889 106.310174 
995.575619 40.995988 
994.535039 80.183295 
924.759752 401.018862 
998.260574 16.731150 
753.696530 519.777878 
997.708000 53.515495 
993.671990 171.286088 
994.011069 94.863229 
991.886238 102.257025 
816.658813 450.190392 
978.000820 176.158974 
996.450782 70.183523 
977.631512 151.792819 
951.169648 294.243079 
988.594904 135.248303 
991.882304 227.590056 
941.494269 272.162431 
983.819921 132.004676 
990.418389 130.843858 
997.231931 68.623234 
999.228405 37.810248 
997.259754 77.771248 
987.068317 178.493298 
953.643443 253.838776 
996.551385 103.640945 
979.625399 219.080408 
997.312200 110.004840 
999.892925 58.118909 
997.303057 38.914759 
992.468707 89.054106 
993.271369 45.750665 
994.870846 48.211401 
996.693441 19.074523 
999.069157 33.852054 
991.657511 95.530948 
992.044073 126.140035 
960.944301 245.083039 
999.495782 1.109213 
985.269585 115.145534 
995.600836 60.758023 
999.176143 52.837025 
996.405909 187.574567 
994.517092 22.170590 
993.555251 63.492966 
989.667045 136.390353 
992.976836 127.004758 
996.949892 76.510615 
996.795458 156.388709 
998.186081 50.360161 
994.274914 65.611555 
986.559260 195.755622 
997.420213 138.343622 
996.275722 97.192679 
982.266375 167.001467 
985.890315 121.032846 
983.473253 123.737624 
997.596228 34.094807 
996.359466 42.138019 
988.896515 124.692050 
998.929378 57.403607 
995.293438 86.099631 
975.341535 219.772076 
987.581086 85.177019 
999.782256 56.473066 
978.293888 152.515360 
991.188936 181.295759 
991.291189 125.772790 
993.150220 175.464122 
993.909756 26.923498 
967.121786 221.012637 
992.354066 118.339410 
999.934843 83.632853 
990.037038 104.450957 
992.648910 71.489694 
995.524834 74.806225 
995.831752 138.579312 
996.598229 48.763711 
998.194141 32.759199 
989.794388 120.419097 
995.330821 150.970842 
996.881201 87.008203 
992.272872 130.659145 
998.058076 148.571598 
992.961762 49.395743 
995.092754 105.515657 
998.031339 24.822128 
999.376032 45.623348 
994.625074 198.606892 
999.729014 119.669619 
997.110132 48.131927 
999.778034 71.079756 
999.733092 63.253586 
996.633842 82.670714 
998.640143 5.374609 
995.948540 18.663163 
998.917445 238.653845 
990.141666 169.262838 
935.261513 280.085159 
994.848857 30.873186 
995.130366 29.976319 
998.131146 159.451070 
996.597201 135.795590 
993.409640 144.436039 
998.546180 1.893797 
999.192357 43.920715 
998.164911 68.911162 
817.185320 439.934503 
993.219411 29.104778 
993.081282 99.476902 
990.190196 97.953818 
995.922400 162.172564 
988.188256 142.199393 
981.998591 178.837958 
999.042040 90.105732 
994.576825 63.851752 
994.255841 62.529532 
994.083271 62.507776 
829.980741 424.227621 
990.808286 50.578488 
965.199800 316.386432 
910.142563 322.962063 
998.682001 99.113489 
994.532744 87.717594 
995.894250 108.427592 
996.801970 125.212532 
991.090084 91.617049 
987.347989 200.873828 
953.996818 202.510782 
946.476226 345.202228 
900.065112 325.173370 
997.476028 130.258850 
992.415019 136.025267 
996.036560 70.098113 
995.642770 50.386688 
994.256106 41.228305 
996.275369 57.638513 
992.089219 72.700125 
968.043681 212.725632 
993.445735 56.073236 
994.543115 63.853783 
989.020354 89.379173 
999.813472 160.143288 
993.159781 102.953190 
992.882877 101.265864 
941.802884 272.624507 
998.179361 116.402501 
992.420458 114.592912 
993.137209 47.604330 
999.913150 18.636411 
996.138447 133.512939 
995.868168 74.523075 
996.704471 31.344676 
994.629376 25.012924 
990.830162 146.198115 
996.042812 171.185579 
996.444226 42.666934 
996.609190 80.713397 
993.833615 22.235900 
987.554995 165.337180 
995.658482 65.088877 
763.018462 537.563051 
989.544981 127.830988 
999.092029 14.051595 
952.946646 203.078921 
994.830978 141.616945 
999.670844 161.443410 
999.724638 112.106586 
995.313617 165.835628 
996.328383 27.807305 
997.684621 84.643277 
986.452083 143.733168 
881.382703 388.553501 
991.825315 72.345348 
992.277253 101.608043 
991.347255 75.753546 
997.861182 119.293977 
996.487824 107.132578 
993.213243 197.091536 
992.424110 93.504203 
996.470545 49.243135 
988.789584 131.108202 
993.049110 117.108974 
995.035372 269.206079 
967.483813 223.425480 
997.302950 62.416252 
978.431395 193.301597 
926.586959 307.303854 
997.972955 54.761399 
998.017405 8.126194 
980.547110 163.624707 
992.855955 134.453645 
989.655434 115.837043 
996.033710 93.158646 
978.663418 171.541218 
995.273602 36.329625 
991.315773 109.256063 
996.459000 160.597766 
990.119007 64.235709 
961.289926 201.774934 
997.325686 53.077152 
990.700418 100.790909 
994.856567 41.340617 
996.995267 63.313885 
980.958268 208.070103 
953.085755 278.225820 
995.942206 98.498185 
992.516647 169.185804 
994.228970 23.354065 
967.425822 191.410015 
993.363768 251.522622 
999.152712 13.915974 
975.837622 171.872819 
978.882541 153.206913 
997.968294 78.557434 
997.930786 66.155474 
993.808377 111.546261 
996.697864 52.074617 
998.679212 141.838133 
980.804147 209.053776 
999.522239 103.460008 
997.773406 35.289548 
991.750013 70.225655 
999.664680 12.746348 
998.639002 108.698951 
982.421581 149.051133 
998.831688 3.852512 
992.760155 113.686123 
996.052163 30.792891 
997.466014 17.663333 
995.366983 128.371194 
992.722522 103.843688 
999.760332 4.566141 
983.012157 235.667656 
