1163
5 0 94 -0.3170527820118025 0.9484078940089946 261.8799807829452 
5 0 296 0.5451408450113954 0.8383444752011322 -590.7825169786307 
5 0 299 -0.9756175576821066 -0.2194775185352746 982.6175607914445 
5 0 74 0.9608348846524267 -0.2771214976052163 -942.0472449800751 
5 0 92 0.4387323556105942 -0.8986177831204873 -386.7860111152761 
5 1 126 -0.8331802365208825 0.5530015311651553 684.0200512027948 
5 1 156 0.1141987857655347 -0.993457919254599 98.00616023578409 
5 1 230 0.3673525355389208 0.9300817784652734 -556.585459732604 
5 1 298 0.9955407551394971 -0.09433241678383819 -941.6291269889158 
5 2 232 0.0005155928737614857 -0.9999998670819855 135.2310750312724 
5 2 338 -0.5855451936893652 0.8106397634876318 427.4947248233967 
5 2 248 -0.4393586324138652 0.8983117455112217 264.5676887440442 
5 2 302 -0.002440071682043076 -0.9999970230206621 176.4410370538863 
5 2 202 -0.9966340144224215 -0.08197951754095917 1010.172759567855 
5 2 256 -0.01896870888862198 0.9998200778555604 -194.2614509175532 
5 2 89 -0.3545113337258619 -0.9350517174252505 526.9542772953553 
5 2 326 -0.007959012337371223 -0.9999683265597035 182.6036144846076 
5 3 260 0.3918869164560578 -0.9200133937669401 -361.9073454080309 
5 3 114 -0.9757753011173227 0.2187751396511912 963.7438356215665 
5 3 259 0.9958577746088536 -0.0909246542534085 -987.868324531061 
5 4 174 0.59970274471202 0.8002228552002685 -800.9727196540632 
5 4 365 0.6908034199695375 -0.7230426231961645 -451.579572011356 
5 4 68 -0.9019295145906524 0.4318832605117618 727.4688676119861 
5 4 34 -0.1625253916441949 -0.9867043615343458 434.5487368426791 
5 5 335 -0.2773482720319037 -0.9607694499727377 351.0299793602387 
5 5 162 0.579078336304128 -0.8152719058223723 -509.3704947710468 
5 5 223 -0.8759125826632091 0.4824698410597979 827.1340694494397 
5 5 253 0.9863767793300183 0.1645018212620768 -994.9040059741953 
5 5 131 -0.5990677698816719 0.8006983246448067 525.5591797838084 
5 5 190 -0.1013402648004823 0.9948518235044695 15.47930565517396 
5 5 64 0.6788817091587065 0.7342476591517016 -736.4631393529228 
5 5 221 0.4670791746007987 0.8842154967281657 -538.7465668322727 
5 5 283 0.234270747815073 0.9721713926660085 -315.3743414067981 
5 6 334 0.8054621048148778 0.5926472793383826 -858.7561040996053 
5 6 67 0.9893170579800163 0.1457798298454387 -996.1936216387284 
5 6 169 0.4475513245414625 0.8942582467616291 -534.5351987861619 
5 6 62 -0.3288437800750342 0.9443843329418181 229.9155293280596 
5 6 269 0.8308446613175702 -0.5565044013842946 -768.5712218742291 
5 6 270 -0.3204049201489101 -0.9472806802338842 411.5403299378961 
5 6 361 -0.9993058654656113 0.0372530166030285 986.4800223521923 
5 7 105 0.0911426210250518 -0.9958378495682335 -80.58432950363824 
5 7 349 -0.3518666986918746 -0.9360501195724947 360.6646110069065 
5 7 151 -0.2971675099595079 0.9548253615318697 284.4373621131919 
5 7 383 0.2814908403820713 0.9595639149014491 -293.0626700397838 
5 7 371 -0.085794126729331 0.9963128865064186 72.98763429516684 
5 8 240 0.2054040483749467 -0.9786772588096562 -54.77966337840292 
5 8 208 0.8026908685216476 0.5963953131874553 -891.986099519022 
5 8 125 -0.9130989096323539 -0.4077381282492558 967.0770731437359 
5 8 133 -0.2600540249241496 0.9655940679813385 107.0167640803008 
5 8 38 0.08750002725385615 0.9961645171509447 -242.5600518419056 
5 9 226 -0.9662171500836376 0.2577293520037125 913.3691500677305 
5 9 86 -0.4031184736540393 0.9151478001934101 234.6730758829183 
5 9 89 0.6995565840459379 0.7145772076675682 -826.5959627186165 
5 9 228 -0.5004273855972967 -0.8657785119441661 651.5688341018611 
5 9 315 0.0263621495350128 -0.9996524581432756 149.308750550778 
5 10 114 -0.4427787201445425 -0.8966309190448214 470.1765289576516 
5 10 41 -0.779491332794424 0.6264130123954743 754.2677953289128 
5 10 355 -0.5452654187945366 0.8382634568361063 513.194911717437 
5 10 108 0.01369063820266146 -0.9999062788209723 19.4320148872691 
5 10 83 0.5432307757912033 -0.8395834230338802 -513.0814168106054 
5 10 85 0.8184312212922796 -0.5746045039973388 -796.2032292544301 
5 10 217 0.8980575018313813 -0.439878077885655 -880.1912157646008 
5 10 381 0.9308568369653411 0.3653841116891653 -940.8982825265593 
5 11 21 0.6555760344089365 0.7551291698170935 -722.6811058004067 
5 11 195 -0.3929460919123245 0.9195615090089575 302.4557658509686 
5 11 168 0.9656665457634441 0.2597847616649178 -983.566788597718 
5 11 49 -0.9766899961896908 0.2146547258808478 946.9380148997341 
5 11 286 -0.3617578206579975 -0.9322721057678258 445.4199708160254 
5 11 339 0.2975429299136766 -0.9547084397125568 -205.5691284621222 
5 12 297 -0.9725189160377683 0.2328238775313314 949.7562586714611 
5 12 234 -0.9936474905843864 -0.1125373913655005 995.924291631757 
5 12 235 -0.05927994099594588 0.9982413979571861 -14.17198434275778 
5 12 311 0.06198354378573431 0.99807717151519 -134.7607881507933 
5 12 172 0.4131983984608914 -0.9106410288963233 -346.912889695011 
5 12 251 0.9832527175634931 -0.1822473412810338 -968.0072639084423 
5 12 118 0.8504450179077568 0.5260639424213326 -886.4798166078917 
5 12 293 0.1895082991985471 -0.981879119105236 -119.0446499636413 
5 13 354 -0.6295129570312071 0.7769899850897858 485.5466849751602 
5 13 350 -0.3980886858463561 -0.917346934480691 542.42997824965 
5 13 46 0.858442824822691 0.5129092673275057 -932.1844343893691 
5 13 25 0.9753271703405597 -0.2207643784569346 -922.4847006623634 
5 13 214 0.4656131934005313 -0.8849883355905657 -309.4124217384182 
5 14 155 -0.1041134823683503 -0.9945654240868899 248.6819515778619 
5 14 314 -0.9230066302056443 -0.3847840441032098 972.2116014642281 
5 14 125 -0.8450717624964599 0.534652893222441 756.9783828990099 
5 14 240 0.4564596550379037 0.8897441111480749 -586.5832484378807 
5 14 243 0.9633773746083751 0.268149275763845 -998.9494269358453 
5 14 263 -0.01085851045016523 -0.9999410446375344 156.6397142038333 
5 15 279 -0.3899936138039121 -0.9208175612965716 436.4070316335109 
5 15 358 -0.4157809830118902 0.9094647734605593 357.2936069532017 
5 15 299 -0.04142706333013189 -0.9991415307271746 97.5870150908098 
5 15 296 0.9655757412228725 0.2601220635815049 -975.5245546213024 
5 15 200 0.4804278151286049 0.877034272107285 -529.3933467192109 
5 15 94 0.9992142120845949 -0.03963531718255985 -991.4465009926874 
5 15 277 0.1067878522530507 0.9942818285633007 -165.4789536785943 
5 16 55 0.8881990709962964 -0.4594588232707216 -865.4345467459116 
5 16 144 0.974160242037062 0.2258579704909548 -981.9033986464044 
5 16 316 0.1837490869376165 -0.9829731802290398 -140.5000262770964 
5 16 101 0.3157704708648774 0.9488356073260392 -358.1640292492957 
5 16 77 -0.8636799621467466 0.5040405965655886 837.8910539483124 
5 16 57 -0.744273950849444 -0.6678744538361677 770.4320487443338 
5 17 138 -0.1499350209068779 0.988695852881792 -93.78005996127087 
5 17 370 0.3488474297878705 0.9371795296155359 -574.7132139608935 
5 17 393 -0.9473573554804107 -0.320178139505437 1009.405991341336 
5 17 256 0.9932199451501681 0.1162503357238045 -1014.443896548999 
5 17 176 0.3599272734778832 -0.9329803630338513 -139.4175488891718 
5 18 30 0.07880549364381584 -0.9968900110702055 8.576201640268366 
5 18 141 0.07752215713688965 0.9969906294207801 -169.1327054852224 
5 18 274 -0.453834915893899 -0.8910857810085278 534.0598296048975 
5 18 54 -0.9999969527291797 0.002468710666493746 997.8745648652255 
5 19 147 0.8876024528398722 -0.4606103404317393 -876.062945512805 
5 19 246 0.584990055150582 0.8110404646963792 -601.8920554229112 
5 19 368 -0.5845918614571101 0.8113275266611574 563.4430071237584 
5 19 203 -0.8329812809940114 0.553301170714084 816.7971272712014 
5 19 59 -0.6629572652980734 -0.7486572409243764 675.2605137129517 
5 19 193 0.4179479321592651 -0.9084709824775881 -397.9292052893634 
5 20 350 -0.9970712070711077 0.07647880771667527 969.8779707130763 
5 20 81 -0.8680854870971246 0.4964147329515392 776.412776134509 
5 20 125 -0.2466543231024911 -0.9691035264071904 396.0869792938969 
5 20 319 -0.70175874113966 0.7124146750552515 576.9449198943109 
5 20 133 0.6619516241717609 -0.7495465610996876 -535.7915103676588 
5 20 271 0.9925922372094396 -0.1214934180585919 -965.8347111195684 
5 20 257 0.02973389257995129 0.9995578500677408 -195.4475798228844 
5 20 328 0.8773381675249438 0.4798726287297224 -949.7512657587631 
5 20 367 0.3778798558906403 0.9258546400553755 -528.3006861131455 
5 21 195 -0.9836768962117839 -0.1799437797178647 993.5741259911503 
5 21 139 -0.2752732639903683 0.9613660229756869 180.2851550324857 
5 21 79 0.7955432115101631 0.6058968547699317 -849.9235053340426 
5 21 213 0.9041582858033271 0.4271976055798873 -940.7512257064902 
5 21 168 0.4877312632221704 -0.8729938229310136 -401.424570076647 
5 22 313 0.4146388924736941 -0.9099860377215622 -389.2148875655038 
5 22 146 0.963669678545225 0.2670968937530771 -965.8547767650022 
5 22 88 -0.4035695593651205 0.9149489662018547 376.9534424672286 
5 22 368 -0.01593279262215175 -0.9998730650033829 40.41803218321337 
5 22 229 -0.3052873032652875 0.9522602913410851 278.3766491177471 
5 23 187 0.7730403557505725 -0.6343568462474636 -699.2902244609156 
5 23 327 0.9984624712195888 -0.05543188221657286 -989.3018576777345 
5 23 376 -0.5618301100290666 -0.8272526382337666 651.1460774394966 
5 23 306 0.6877503265246052 0.7259473041242726 -768.2454117792647 
5 23 387 -0.785677309881442 0.6186365368594555 710.6960002389694 
5 23 60 -0.3586836990880578 0.9334591603324205 249.5337181532693 
5 24 114 -0.05072677247094998 -0.9987125685374549 84.27617477778645 
5 24 268 -0.1959806930367503 -0.98060775438339 227.1089143990387 
5 24 41 0.4287533974495616 -0.903421565037861 -393.993863665631 
5 24 295 -0.111525339438193 0.993761590454771 72.14858876382661 
5 24 52 0.7172972735329552 0.6967672648612222 -740.3043020665157 
5 24 355 0.7507394862251139 -0.6605983831515575 -722.8462485571052 
5 25 350 -0.8364877353983921 -0.5479856462792337 912.5913721687502 
5 25 81 0.6103056083839551 -0.7921660585856293 -470.2557944777171 
5 25 46 0.5544250182284809 0.8322336806224252 -687.2334972821284 
5 25 214 -0.9898375051948125 0.1422030706760912 949.9591526708391 
5 25 99 0.9901311514067791 0.1401438654165286 -999.741054734005 
5 26 129 0.9978840372698514 -0.06501882928830587 -990.2280371218681 
5 26 141 0.407693813051163 -0.9131186969938812 -320.5033093396282 
5 26 87 0.5673002593613636 0.8235110295123736 -645.8513776964838 
5 26 213 -0.9662072363238396 0.2577665154271359 938.4091086469642 
5 26 353 -0.4656167315656152 -0.8849864740696063 548.2447101030415 
5 26 119 -0.7238628021209812 -0.6899439424370368 787.2287903709866 
5 27 322 0.2907263666621639 0.9568062393857061 -408.2800577559034 
5 27 216 -0.987521752090693 -0.157482663006846 993.2567226250873 
5 27 36 -0.1226774575530835 -0.9924465937310236 244.1703618935849 
5 27 219 0.9233695030294433 0.3839124390732329 -960.7984872121742 
5 28 309 -0.004417288038852142 -0.9999902437355985 32.88382598646717 
5 28 70 -0.145782014738377 -0.9893167360248282 180.8071557261057 
5 28 232 -0.001437224546960044 0.9999989671922673 -59.52798781030043 
5 28 194 -0.204943105374716 -0.9787738878614242 240.1568210814639 
5 28 181 -0.8454726552116727 -0.5340187162350434 865.4679826851969 
5 28 35 -0.2759291215105955 0.9611779855481456 238.4758636775039 
5 28 247 -0.08486740484920617 0.9963922538810511 43.03183432120995 
5 28 188 -0.005401936840940574 0.9999854094327409 -42.80590547944415 
5 28 159 -0.5345939896032115 -0.8451090262682807 566.6298013288007 
5 28 224 -0.01197924850805834 0.9999282462282892 -35.40399062017521 
5 29 301 -0.5250718551399977 -0.851057898700107 596.4598935773179 
5 29 190 0.7278523645995644 -0.6857338662679733 -659.7180726779565 
5 29 49 -0.3755180556986343 0.9268150785589957 285.1548662416184 
5 29 286 0.922436299853402 0.3861492881163508 -949.0917871536291 
5 30 141 -0.03649319895080145 0.9993339013714772 -52.25008251671262 
5 30 232 0.07361918491313638 -0.9972864260646114 10.22026789856383 
5 30 330 -0.9974898488679955 0.07080961379151432 990.2830229406595 
5 30 274 -0.1461043064822183 0.9892691906793369 59.66484407666653 
5 30 241 -0.7646773914572086 0.6444132889646201 708.1786830415074 
5 31 375 0.9085818388814484 -0.417706885333251 -877.3637595848694 
5 31 320 0.3144297610445382 -0.9492807410716152 -249.9652569594484 
5 31 37 -0.7059281553655946 -0.708283445706681 749.9217710364239 
5 31 180 0.9169188175955368 0.3990737800698046 -940.4586105517241 
5 31 143 -0.2527104527254993 0.9675419510715146 185.6164109216494 
5 32 132 0.06864125476843161 -0.9976414075928359 53.21653497762787 
5 32 336 0.6820514470371662 -0.7313041936120069 -590.9696154361873 
5 32 285 0.6691725852200601 0.7431070253939883 -758.4415750309226 
5 32 206 -0.3606419976885005 0.9327043205128021 241.9164972395936 
5 32 196 -0.6069378062514509 0.7947493311369794 503.9737625590688 
5 32 227 -0.7426210663219186 0.6697118424030565 654.1571981698818 
5 32 69 -0.9996375097536999 0.02692302162502619 988.7262469139894 
5 33 343 -0.3761001641069152 0.9265790125827108 130.0444883499368 
5 33 138 -0.8585226892863986 -0.5127755766224146 983.1028921375749 
5 33 370 -0.5773947550008186 -0.816465122891079 783.7911825327062 
5 33 256 -0.003297541727468046 -0.9999945630944977 252.3560920146428 
5 34 305 -0.2702060026914979 -0.9628025322512828 522.4049739265369 
5 34 258 -0.9529556925199398 -0.3031096304867958 981.1341007989856 
5 34 68 -0.409217581001876 0.9124368314568263 125.816896964414 
5 34 365 0.863391696543296 -0.5045342191963684 -677.6805289173433 
5 35 181 -0.2353413661172994 -0.971912774581157 272.7941091343828 
5 35 189 -0.9669292392757604 -0.2550447926023963 975.4577526531675 
5 35 247 -0.04419280102472018 0.9990230209247379 1.634798358790398 
5 35 265 -0.1027114472782564 0.994711193562235 61.14578437325819 
5 35 48 -0.9691489459310264 0.2464758012478717 957.4068303394131 
5 35 55 -0.4798833309329937 0.8773323137173592 442.9301474769461 
5 36 215 -0.7622611850600605 -0.6472695618912048 831.4755156951417 
5 36 216 -0.9926758557856796 0.1208082999639026 963.7897379107898 
5 36 219 0.3196684702575153 0.9475294555438475 -433.4501067610826 
5 36 117 0.5128982633925229 -0.8584493994458464 -402.2313220528623 
5 36 69 0.9910571406615656 -0.133438165244138 -964.0119846257456 
5 37 107 -0.4448655744273549 -0.8955973541103277 501.8514571435426 
5 37 109 -0.8758163739971173 0.4826444644233905 836.3953393779312 
5 37 143 0.1030394890319149 0.9946772661019462 -169.929163724306 
5 37 210 -0.1448707625395021 -0.9894505860128757 209.7943822723311 
5 37 320 0.465329874496544 -0.8851373384402166 -404.4699202515591 
5 38 261 0.8672545547808335 0.4978649788967871 -943.0938874114983 
5 38 208 0.8680800534798296 -0.4964242346526368 -786.5092756384951 
5 38 133 -0.6885545827707183 0.7251845189642717 569.7071077720218 
5 38 134 0.4581463237799424 0.8888767889909851 -597.3661616859554 
5 39 128 0.9067741981414956 0.4216165954808321 -928.8073475867702 
5 39 201 0.5829500263449663 -0.8125080102893774 -538.5329101387163 
5 39 348 -0.102869094812169 0.9946949026372485 48.33498639236766 
5 39 92 -0.9419924246920273 0.3356341338762125 920.9157871250846 
5 39 166 -0.2944796880098592 -0.9556577386018573 345.447862857402 
5 40 120 0.7209684562090337 -0.6929678817604482 -128.6151837547129 
5 40 145 0.6960590555954718 -0.7179845340420223 -4.978283012994552 
5 40 165 0.628956387382685 -0.7774405847204801 29.0843622250519 
5 40 53 0.6896715904841203 -0.7241222944220844 0.08415768821711822 
5 41 114 -0.1981826475270472 -0.9801651076319591 229.7298111851446 
5 41 355 -0.1180096232046246 0.9930124514985211 81.80390110572301 
5 42 75 0.7473918304376213 0.6643835125852402 -767.8011613182244 
5 42 83 -0.5524838229097523 0.8335236201950282 523.657629891399 
5 42 238 0.9983296647907939 -0.05777439223999718 -994.3214975847782 
5 42 51 0.1763093702426792 -0.9843348037962641 -144.0794963575972 
5 42 108 -0.6618832907858426 -0.7496069032356251 683.9490056121375 
5 42 312 -0.5122997889336839 -0.8588066873624722 538.375082300617 
5 43 393 0.4806507350616883 0.8769121226694604 -671.5675770046805 
5 43 186 0.7634750489307754 -0.6458373244557409 -603.8766028603352 
5 43 344 -0.992017877666357 0.1260973052461343 935.7429687612513 
5 43 222 -0.1465875860956756 -0.9891976949036239 361.6879761804556 
5 44 120 -0.7813369815771976 0.6241093824161227 448.6872404196572 
5 44 163 -0.8037556142945126 0.5949595889554606 540.4041415680838 
5 44 289 -0.936882306735756 -0.3496448817378693 1026.483883780616 
5 44 343 0.1425780413333984 -0.9897835632750888 169.7049284265069 
5 44 280 -0.3735705972882315 -0.9276017512066878 676.7634606569602 
5 45 70 0.6982710575641644 0.7158334514174532 -719.6360669116597 
5 45 113 0.3825928372362762 -0.9239170530385811 -355.3468286109272 
5 45 122 -0.1656917677438721 -0.9861775895354299 194.4255998181339 
5 45 154 -0.9338811924142398 -0.3575834426465487 941.2145844714011 
5 45 51 0.4027202088901968 0.9153231305672528 -430.2863600686414 
5 45 388 -0.9876546984683615 0.156646725447326 979.5102114433232 
5 45 312 -0.5556636726175742 0.8314071703642862 528.2130595103633 
5 46 354 -0.9951811121206481 0.09805383255289005 961.7071456992394 
5 46 152 -0.5136759720551983 0.8579842631034367 356.9377881850693 
5 46 183 -0.09021367529452794 0.9959224331190926 -84.77721497326203 
5 46 47 0.7635274047098271 0.6457754271084307 -866.8249987011272 
5 46 99 -0.1712804212176914 -0.9852223187217645 335.4018004218328 
5 46 257 0.863426322461747 -0.5044749604095166 -768.1575639354675 
5 46 72 0.9920864117958266 0.1255569652790378 -1002.268121809299 
5 47 183 -0.6845999381446549 0.7289190110652449 548.8706732311958 
5 47 228 0.702248948974449 0.711931466971563 -821.1765466124762 
5 47 167 0.6576459145329816 -0.7533271872819129 -522.792511451014 
5 47 72 -0.5586727567455837 -0.8293881786415153 696.2935196769845 
5 48 189 0.5165790558866685 -0.8562394986329691 -481.0284098055431 
5 48 52 -0.02577569698317814 -0.9996677515279921 65.03039935670856 
5 48 161 -0.7996575618990015 0.6004563128969038 772.0426113653568 
5 48 55 0.3836868364118338 0.9234632702843566 -421.1336550334985 
5 48 218 -0.04394514613280737 0.9990339454349718 2.583581284160992 
5 49 199 -0.1629313779253056 0.9866374035517614 57.0565679469666 
5 49 223 -0.09878045324591594 -0.9951092513169252 187.3261809978414 
5 49 65 0.1087791149280355 0.994065945576788 -204.3732124747523 
5 49 301 0.07755792369721495 -0.9969878477051648 15.29874934684922 
5 49 270 0.5003090252927547 0.8658469144199877 -578.5961748475304 
5 49 195 0.9925483685376167 0.12185128687591 -994.3539070407794 
5 49 286 0.5802930095901691 -0.8144077744108192 -498.3387139516129 
5 50 383 0.1788426320538187 -0.9838776920735942 -164.9322783350297 
5 50 309 0.2114740357453024 0.9773836156830104 -227.9756510562386 
5 50 164 -0.5534988996009953 0.832849907330539 539.4468552434137 
5 50 151 -0.5685198387700401 -0.8226695526910471 580.0692362975112 
5 50 371 -0.0309440422668907 -0.9995211184603279 45.531081755905 
5 50 323 -0.08170835096150102 -0.9966562824681097 96.27670615347868 
5 51 70 0.8767847794027065 0.4808829905577314 -890.9318372575831 
5 51 238 0.4475401217238723 0.8942638533718007 -475.5189594687987 
5 51 312 -0.8985512371782071 -0.438868629735042 909.9219734291719 
5 52 189 0.8603522466269621 0.5096999232135895 -877.3345415850185 
5 52 161 -0.2955163054647819 0.9553376958983906 256.417041431597 
5 52 295 -0.5980325673874767 0.8014718013404732 563.3359954156078 
5 52 355 -0.4786885304750131 -0.8779847896129365 509.4861338839674 
5 52 111 0.6776726508392725 -0.7353637047777605 -648.1983436004446 
5 53 321 0.7155455031798053 -0.6985661263467901 -128.8507716916137 
5 53 165 0.5517124362308424 -0.8340344043912269 63.19439363362386 
5 53 145 -0.5782058413305703 0.8158909271778964 -82.38043393463738 
5 54 141 0.7608038277659185 0.6489819224421638 -819.0906453528835 
5 54 353 -0.3150620948410519 0.9490710597180636 226.6580820811031 
5 54 274 0.9581469488903553 -0.2862768316369712 -930.2782797809266 
5 54 56 0.008546971855619147 -0.999963473968974 80.41379939186695 
5 54 110 -0.8124827523110099 -0.5829852289699339 861.2062934323103 
5 55 144 0.7309630958920114 0.6824169930797197 -759.7647107123157 
5 55 265 0.9117813083919042 0.4106760836317927 -928.2254144912694 
5 55 316 -0.9071436527925609 -0.420821094050868 922.5268503288003 
5 55 218 -0.7622393395890427 -0.6472952874715372 787.5736323323595 
5 56 283 -0.9671995824772164 0.254017652252552 940.8323188593093 
5 56 221 -0.8409973257664906 -0.541039275888185 884.5530735274018 
5 56 241 0.2215680377406789 -0.975144914693065 -135.980905713156 
5 56 274 0.5885412443031156 0.8084671939875734 -658.9702038891156 
5 56 110 -0.8309794001833369 0.5563031875433948 778.3136065778026 
5 57 77 -0.06760861144144194 0.9977119201748368 23.52789481154041 
5 57 63 -0.926354056416312 -0.3766539023573821 937.8236686126568 
5 57 218 0.4743353046289824 -0.8803442615150794 -434.7632285703808 
5 57 316 0.7094423671234823 -0.7047634551608294 -676.288947292988 
5 57 362 -0.3504780917206046 -0.9365709301616635 388.5238505598418 
5 58 343 0.7171565570650216 -0.6969120982295002 -504.2004174630168 
5 58 365 -0.4484039918890481 -0.8938310019561676 687.9925863239341 
5 58 174 -0.9213841965865552 -0.3886530101267042 997.6008556798565 
5 58 280 0.08340601090870298 0.9965156483188297 -387.3485772929658 
5 59 115 0.1439690670447478 -0.9895821884685805 -132.2908635582274 
5 59 318 -0.3048409492753561 0.9524032736424732 282.8553795222338 
5 59 349 0.2807668311262522 -0.9597760085245528 -266.1238459426868 
5 59 255 0.6904336113712646 -0.7233957618681724 -673.0770984447857 
5 59 203 0.01520762060330949 0.9998843574511933 -36.30407597843765 
5 59 193 0.8917086656842907 -0.4526098270514481 -878.8896836388751 
5 60 352 -0.9761407599639302 -0.217138703913053 992.8072012176049 
5 60 116 -0.3522974768158557 0.9358880744133785 240.1466558033261 
5 60 342 0.3971858415543384 0.9177382019229513 -501.588736581611 
5 60 306 0.9996879769980833 -0.02497896405937805 -992.2705289224194 
5 60 307 -0.1923588429784847 -0.9813246534801716 304.3441802575362 
5 60 387 -0.01450621933252847 -0.9998947792646367 129.5008839105085 
5 61 121 -0.6338528561126895 0.7734536552359075 590.9944825088451 
5 61 294 -0.5882997710552772 -0.8086429245200309 627.4111133622403 
5 61 209 0.6875959119719067 -0.7260935627310862 -648.7286364371456 
5 61 201 0.9322794325509763 0.3617389385211794 -949.3163323883768 
5 61 360 0.4445153716022147 0.8957712232536527 -490.2092417450918 
5 61 377 -0.2071642183854408 0.9783061824504379 155.6292941555025 
5 62 169 0.9960416423349964 -0.08888783232030789 -978.218680716349 
5 62 361 0.07114748739355202 -0.9974658064503186 30.84265448072142 
5 62 65 -0.4857094281604128 -0.8741203300439162 569.0522244008919 
5 62 90 0.1077078186064915 0.9941825917863534 -209.5616699298754 
5 62 233 -0.256096487019895 0.9666512242458852 153.6522264059282 
5 63 295 0.1354330092500647 -0.990786505764724 -93.01172008613328 
5 63 191 -0.2526050156621512 0.967569483842026 208.1613489962243 
5 63 77 0.7164537072829341 0.6976346359811414 -743.1270623575351 
5 63 362 0.4870383287662122 -0.8733805964827791 -447.5896964648886 
5 64 253 0.3433545013093689 -0.9392058807474507 -263.347678159881 
5 64 221 -0.4029365055327828 0.9152279347293927 322.8747124931567 
5 64 330 0.9880441097029509 -0.1541714541713319 -971.7559174411516 
5 64 241 0.4608084508592317 0.8874996178121515 -535.4238638228591 
5 65 199 -0.2372926909432625 0.9714382012381978 129.928869378264 
5 65 270 0.5599218113552823 -0.8285454514802552 -472.2613212371938 
5 65 361 0.8150021677648467 0.5794579074778432 -864.8211476577386 
5 65 233 0.1982878451075887 0.9801438315281024 -296.2274721286438 
5 66 109 0.006278423199454014 -0.9999802905068321 66.06734201517295 
5 66 223 -0.2997399832427359 0.9540209339661495 219.9667945008079 
5 66 335 0.7791391938879751 0.6268509524181934 -819.471094275993 
5 66 297 0.4792613839841784 -0.8776722200352303 -410.218351887935 
5 66 333 0.3615319454336607 -0.9323597226558817 -289.574315187362 
5 67 103 0.8726459774494455 0.4883533536705795 -918.2070224788082 
5 67 366 0.7534261705248189 -0.6575325129362856 -683.6623831525595 
5 67 185 0.8064957440112672 0.5912398962280138 -862.8003703808414 
5 67 334 -0.7988370176461209 0.6015475203491832 732.0092114188224 
5 67 304 -0.5306159522380192 0.8476123590595762 441.1323740904298 
5 67 269 0.04035070563693428 -0.9991855786362219 60.11176418481195 
5 67 303 0.07444468537170798 0.9972251444984263 -175.648953416574 
5 68 174 0.7872202267772415 0.6166719667317369 -924.8621106444029 
5 68 347 -0.6338193149446045 0.7734811413364595 362.3186280278433 
5 68 258 -0.7032639552155124 -0.7109288356049668 862.1562137601206 
5 69 227 0.3618323274179975 0.9322431908226926 -474.3904906771228 
5 69 117 -0.4597667376567111 -0.8880397214902638 563.5519403411149 
5 69 239 -0.1519722640396838 -0.9883847585645242 270.6960250487655 
5 69 219 -0.5806664929416945 0.8141415257648961 473.8035193900632 
5 69 132 0.9073741375303391 -0.4203238924223475 -849.3222231289645 
5 70 309 0.05336805478131053 -0.9985749099235666 -27.74571400790261 
5 70 113 -0.06006356721327279 -0.9981945541294126 89.62151021191883 
5 70 194 -0.07845341117071952 0.9969177811011689 45.24450963006935 
5 70 75 -0.784900997251439 0.6196211943709612 763.4259643259962 
5 70 238 -0.9915478812662152 0.1297412777664827 985.9967128233421 
5 71 332 -0.2379044145876419 0.9712885717024119 -135.4578310537277 
5 71 278 -0.5616397077258415 0.8273819182854018 174.5753224388283 
5 71 91 0.01634149315967526 0.9998664688853769 -364.4435587256739 
5 71 100 0.8705707700246602 0.4920432240958819 -944.8480725334829 
5 71 290 0.9773323033445694 -0.2117110503473979 -809.1136160330578 
5 71 258 0.6436881018691901 -0.76528793764964 -357.7405491007186 
5 71 324 0.4161999436018683 -0.9092731201051759 -144.4263593841583 
5 72 257 0.3589803292350796 -0.9333451254612485 -196.6029541043127 
5 72 167 0.9948593950350276 0.1012659079381541 -1003.825555055392 
5 72 367 0.8720854898663682 -0.4893535514988491 -781.052932036342 
5 73 102 -0.9914721484922969 0.130318758296988 979.8717490109722 
5 73 98 -0.8391132917680171 -0.5439566927414743 859.6706502749043 
5 73 192 0.259662543776515 0.965699416671414 -304.2721377044908 
5 73 250 0.9173252205531697 0.3981387192136413 -932.4424568110253 
5 73 101 0.9840898182648466 0.1776716904502832 -988.5265586252309 
5 73 77 0.3584327390517151 -0.9335555535563405 -314.0333347736215 
5 74 296 -0.6539494196283239 0.7565382717138495 609.045313885564 
5 74 220 0.6174587077349217 0.7866032953416355 -661.0069416722862 
5 74 224 0.9641882729357996 0.2652187292275567 -977.9088700039132 
5 74 128 0.9332249793499693 -0.3592925519924527 -912.0278397758108 
5 74 92 -0.871430087134147 -0.4905197276739978 896.0605309393494 
5 74 348 0.1787374629337759 -0.9838968031983827 -123.9080229525787 
5 75 194 0.8715144956231181 0.49036974205061 -886.8178050327712 
5 75 238 -0.04669033152564032 -0.9989094117796797 79.63819174283566 
5 75 217 -0.6571531947847382 0.753757042145685 630.351207348285 
5 75 83 -0.9255292971617698 -0.3786760094001735 936.082143681521 
5 75 85 -0.8139613223875737 0.5809190697998065 792.6948195752643 
5 76 172 -0.6635066502590542 0.7481703850474228 609.56556826344 
5 76 180 -0.9273714343860889 -0.3741419819863681 950.7185131835405 
5 76 266 0.9761132453268171 0.2172623582159344 -989.0432126792815 
5 76 375 0.09592201421049815 -0.9953888522531288 -28.54357652676468 
5 77 191 -0.8499031545081055 0.526938922416224 821.441119729485 
5 77 98 -0.6276536805200724 0.7784926829004924 588.962262937701 
5 77 101 0.4885495180320543 0.8725361702706927 -526.9060433617517 
5 78 324 -0.3452360015945395 0.9385159046084488 180.6505678822197 
5 78 223 0.1400963509216278 -0.9901378754791901 -34.53041584511718 
5 78 173 -0.1581742790357029 0.9874112099077748 18.94386486262196 
5 78 178 0.2021469354754049 0.9793552044472438 -323.9519291136216 
5 78 199 0.3429681121922421 -0.9393470466336121 -225.1633319800283 
5 78 216 0.9996993278099671 -0.02452048075181538 -979.4668054692507 
5 78 124 0.6301897446674253 -0.7764411669379757 -524.101065319315 
5 79 139 -0.998637290576054 0.05218775594828593 987.9123081394456 
5 79 366 0.1109638187465818 0.9938244467355266 -207.9944789898173 
5 79 213 0.6526030635296797 -0.7576999679765578 -576.2046318687794 
5 80 343 0.9248888815838231 0.3802375004160228 -1004.688261165112 
5 80 365 -0.358315411089445 0.9336005924247275 93.9034421091626 
5 80 184 -0.9789101494788881 -0.2042912608195001 989.5507332593047 
5 80 197 -0.08087653484338898 -0.9967241273851688 327.2434261978551 
5 80 138 0.987449029646694 -0.1579380063499679 -921.5866661364166 
5 81 350 -0.9739929409055963 -0.226578355246188 995.0915139051316 
5 81 319 0.9578014120837655 0.287430782990175 -992.7682158397118 
5 81 99 0.3815449355872573 0.924350291895727 -529.8583913428638 
5 82 390 0.6183877043316638 -0.785873174966174 -513.5246604450469 
5 82 206 -0.308602865645033 -0.9511909752072261 428.8804060294935 
5 82 242 -0.9544802552143689 0.2982741061606139 909.0313564759856 
5 82 291 0.999242272788727 0.03892146287100709 -1000.044999971578 
5 82 310 0.5355808733677756 0.8444839418737402 -644.2551303492377 
5 82 351 -0.2530137059223687 0.9674626941724571 123.3654205862834 
5 83 108 -0.5427839174890114 -0.8398723825172977 568.168682437105 
5 83 85 0.1356288635055017 0.9907597142517484 -168.4351492980501 
5 84 156 -0.7865499251622309 -0.6175266919148428 889.6268526024732 
5 84 346 0.4234773236009255 -0.9059067040240938 -229.8253483511916 
5 84 364 0.9773589307468638 -0.2115880915584503 -909.3554178138471 
5 84 379 0.9923304582903882 -0.123613355059994 -942.2308805638573 
5 84 222 0.4592650118549746 0.8882993014102004 -637.8554635746776 
5 84 298 -0.7126934855741347 0.7014755844790256 542.395881087221 
5 85 217 0.3275128410219794 0.9448467277636684 -358.824730902923 
5 86 148 -0.4842604801512965 0.8749238751820845 317.0825281108166 
5 86 137 -0.9762599757577687 -0.2166020769370435 1007.458247678906 
5 86 202 0.4886885317350527 0.8724583193199766 -648.3461295862403 
5 86 226 -0.7870424097177378 -0.6168988939086344 893.8741771059372 
5 86 89 0.8900901990896144 -0.4557844199669516 -803.1467172328266 
5 87 282 0.2935587553612204 0.9559410322560546 -386.7280786310852 
5 87 129 0.9915564353423224 -0.129675886467866 -977.6797878197813 
5 87 366 -0.7756638503671482 0.6311462518573728 711.6651758534795 
5 87 213 -0.9790459552510816 0.2036394301369384 956.4794071148522 
5 88 268 -0.2344403737849273 0.9721305010849025 205.6027244199555 
5 88 318 0.02561770558165838 -0.9996718127269226 -0.8123971868122588 
5 88 368 0.1383340255875055 -0.9903856306332172 -112.5292591127971 
5 88 154 0.4992225551448832 0.8664737967386053 -521.172347813636 
5 88 329 0.9627456862697755 0.2704084754014546 -965.3701709462516 
5 88 229 0.8033805294637967 -0.5954659728972513 -782.3312039928145 
5 89 202 -0.2118343875873281 0.9773055777163566 30.64600281075664 
5 89 315 -0.1462619779659559 -0.9892458914756664 320.4556514892316 
5 89 326 0.09912626841760704 -0.9950748629674052 71.84586637782996 
5 90 169 0.4222505547887973 -0.9064791608087595 -324.8709722608255 
5 90 93 0.5867942617469947 0.8097360646413124 -668.3638991272342 
5 90 356 0.1040567500732671 0.9945713613231528 -209.4455347805873 
5 90 391 0.9388146314109005 -0.3444228329376768 -895.2043317585734 
5 90 233 -0.9935248050903015 -0.1136154112357937 995.8888525229332 
5 91 289 0.863782526182643 -0.5038648106997867 -615.2715822222196 
5 91 163 0.7070129607790885 0.7072005891473701 -918.148431546079 
5 91 123 0.01890617022629314 0.9998212623901206 -395.0690530603661 
5 91 100 0.1321552167064689 -0.9912290344301191 229.62841693839 
5 91 332 -0.7370626509042609 0.6758244214601775 397.9820781963235 
5 92 360 0.4606711519156615 -0.8875708928264251 -411.198391987776 
5 92 121 -0.1704244977382064 -0.9853707376265443 222.9634982165631 
5 92 299 -0.9443694704042571 0.328886459691461 921.2406161365417 
5 92 348 0.9821523310883371 -0.1880872099259959 -969.001521444592 
5 92 166 0.6720644123848679 -0.7404926911224595 -629.8364924536843 
5 93 356 -0.9137555110581052 0.4062645271383424 862.6433681226872 
5 93 284 0.9978721937501488 0.06520034463302607 -999.6585599884105 
5 93 245 0.4937955054731155 -0.8695780578962133 -398.0328271233316 
5 93 391 -0.1787108898094383 -0.9839016301762685 281.8331496713613 
5 93 376 0.08563676882497015 0.9963264243335206 -194.6003200040398 
5 94 296 0.6894971666202168 0.7242883798755114 -728.1011202500506 
5 94 299 -0.9409916443040151 -0.338429793827355 954.883330576089 
5 95 302 0.002468061563725132 0.9999969543314209 -153.1999797967318 
5 95 135 0.001959194842006944 -0.9999980807759438 133.0039921743968 
5 95 243 -0.2294560165502166 0.9733190311860273 88.1267719815622 
5 95 150 -0.3385116944546628 0.9409621845310432 204.3943521612742 
5 95 212 -0.6188415795422253 -0.7855158174280668 727.8123332654635 
5 95 378 -0.9036243456378482 0.4283258595632194 842.2798236031028 
5 96 321 -0.6239327839570645 0.7814780106334324 82.54730972634201 
5 96 165 -0.8729087976913008 0.4878834193873856 428.6475845267251 
5 96 120 0.8927045659278475 -0.4506423836830855 -508.2736707893089 
5 96 170 0.4079622041360683 -0.9129988170838127 102.965188214757 
5 97 188 0.5556710404392796 -0.8314022460981979 -505.7837336717608 
5 97 252 0.4996244239642142 0.86624213415097 -552.7672072021088 
5 97 296 -0.5450581529341602 -0.8383982406470101 593.1335731751863 
5 97 200 -0.9987253249012626 0.05047499777976736 992.5749826229264 
5 97 345 -0.4548615563010936 0.8905621621197182 399.0544672349552 
5 97 220 0.2157440857456374 -0.9764499421198095 -157.8114133891955 
5 98 308 -0.5263219272025774 0.8502853808844211 482.8619156130702 
5 98 191 -0.559029846947415 -0.8291475322413677 593.6748716174383 
5 98 102 0.7714574828157069 0.6362808752490156 -796.6799390800077 
5 99 319 0.2668353413558901 -0.9637421338737274 -103.3687301100182 
5 99 257 0.7853343782831433 0.619071816743929 -880.4582963907636 
5 100 289 0.9406742719440392 0.3393109401456896 -984.5561158809373 
5 100 290 -0.5955321801093127 -0.8033314524243709 800.033102782523 
5 100 281 0.7097861077118788 -0.7044172636294636 -413.7512810540385 
5 101 144 0.5190932631879749 -0.8547176048923175 -478.8060923028173 
5 101 247 0.7197328288803226 -0.6942511469431851 -686.2332175748965 
5 101 209 0.2697083347217157 0.9629420616951151 -316.2458546798029 
5 101 250 -0.4300270910871184 0.9028159839807619 385.6609291671365 
5 102 308 -0.9142494412569444 0.4051517729954601 889.3854070678002 
5 102 192 0.3644624377433687 0.9312180901776775 -406.8590707719022 
5 103 366 -0.2231415115651357 -0.9747860615624467 320.7149975737115 
5 103 185 -0.8231275469120184 0.5678565325102837 761.7337141016402 
5 103 282 0.3645626139147166 -0.9311788767662578 -269.5404297944709 
5 103 380 0.9979895861974417 0.06337811800186982 -1002.827257091356 
5 103 160 0.1197929934850227 0.9927988913732213 -223.5119939057709 
5 104 158 0.7027011188109562 -0.7114851633181329 -645.8886935523426 
5 104 142 0.8236713547838773 0.5670674556950807 -868.3195871794989 
5 104 374 -0.1600764889788204 -0.9871046133395455 237.8662839668719 
5 104 317 -0.8316555681175449 0.5552918295987108 784.9430318318301 
5 105 349 -0.7589156380607496 -0.6511889543802517 763.7124672344403 
5 105 157 0.1846330228950828 -0.982807532966971 -176.4401472871557 
5 105 383 0.03466052882792172 0.9993991433563313 -45.734072200918 
5 106 184 -0.02288705736345808 0.9997380569955521 -212.5574177702309 
5 106 197 0.2089771619179799 0.9779205212064559 -425.1425171133973 
5 106 177 -0.2226186271801803 0.9749056091911728 -26.4582242730948 
5 106 258 -0.2841709352272758 0.958773633123093 31.14052652343645 
5 106 324 -0.1309701211237341 -0.9913863159096127 332.1855308832248 
5 106 344 0.8403732403463461 0.5420081336195818 -926.4393193546923 
5 106 288 -0.04248575985600701 -0.9990970724656628 249.1451859333911 
5 106 126 0.9975823921606534 -0.06949367489943467 -940.9238634473429 
5 106 230 0.9043712211936302 0.4267466394439937 -961.9924096651306 
5 107 109 -0.6531088078949761 0.7572640788060683 596.8878826421164 
5 107 358 -0.9197106577950988 -0.3925968745903445 937.8388476258503 
5 107 204 -0.102141294815472 -0.9947699009788237 165.8054150883049 
5 107 210 0.9289316511047211 -0.3702512492563082 -899.0610306502474 
5 108 114 -0.9691738558004541 -0.2463778342970006 972.4116763128006 
5 108 259 -0.9383794700393145 -0.3456066697978138 945.0241035900264 
5 108 388 -0.4407989619403546 -0.8976058573518256 467.0546185555502 
5 108 312 0.9683291496930618 -0.2496771071898904 -957.1371711364918 
5 109 223 -0.1957092605068193 0.9806619628352442 117.8227400832884 
5 109 358 -0.120988981553916 -0.9926538502129261 186.1291557679828 
5 109 333 0.3394489835985499 0.9406244667952836 -403.1272250782144 
5 109 382 0.752038241543146 0.6591194757073202 -791.4504039363432 
5 109 143 0.9694889005444804 -0.2451352111000272 -945.5202341297272 
5 110 353 0.3936600013568763 0.9192561141116788 -475.4104605640011 
5 110 283 0.2716968611195836 -0.962382884125526 -185.1872939850396 
5 110 190 -0.9952496668876888 0.09735553687358896 979.955689916417 
5 110 339 -0.3593978988755603 0.9331844138667515 271.8937510747983 
5 111 355 -0.9943904897718424 -0.1057712335718713 994.9051852770555 
5 111 181 0.7175302712689057 0.6965273216556337 -742.4579764370553 
5 111 189 -0.2913926967592734 0.9566035209402891 254.5803402325844 
5 111 159 0.8265762377332795 0.5628247713229197 -846.5305969195707 
5 111 194 0.3597151109423041 -0.9330621838654516 -326.3110219336399 
5 111 381 -0.1694352336434103 -0.9855413241463815 204.512187835297 
5 112 314 -0.4014787162993267 0.9158683531810915 266.3834576474964 
5 112 272 -0.9929843233832725 0.1182460718800615 966.7757192601453 
5 112 205 -0.5149641300546434 -0.8572117269129398 629.6247058662857 
5 112 292 -0.07274582389368649 -0.9973505126614358 210.6773684277607 
5 112 236 0.6999415757918102 -0.7142001053472883 -595.9028843695613 
5 112 155 0.1118897240836406 0.9937206295757811 -253.4465066447945 
5 112 325 0.9998860224671023 -0.01509775065754422 -991.5764289683009 
5 112 263 0.2051510908478384 0.9787303152165781 -343.7382952353004 
5 113 309 0.1354613895358649 -0.9907826259805996 -112.9093477427932 
5 113 147 0.1057010523801152 -0.9943979522936157 -82.69834958153027 
5 113 246 -0.3804193107013736 -0.9248141154013015 403.6483126986511 
5 113 146 -0.9876581571953194 -0.1566249166816885 989.1631494038447 
5 113 122 -0.7063690044993802 0.7078437888987614 685.2442534007774 
5 113 329 -0.9148682734714202 0.4037524516277552 901.6376644603383 
5 114 268 -0.5579751518812421 -0.829857656398436 579.4544859974776 
5 114 260 0.5694377798575339 -0.8220344365480819 -541.432897655992 
5 114 259 0.9826682477310666 -0.1853729076784278 -971.6844640988006 
5 115 165 -0.4255643732037222 0.9049281541977369 136.3704129577095 
5 115 267 -0.3801571655278068 0.92492190453998 140.395165349209 
5 115 318 -0.1611271799105831 0.9869336512117025 148.3464644876591 
5 115 264 0.9801423692619501 -0.1982950730037715 -977.6077926730143 
5 115 349 0.1514429180141933 0.988466004768675 -156.1698405120989 
5 115 254 0.4331797732349896 0.9013075413309728 -435.6654142646531 
5 115 386 0.7188798813376968 0.6951343152282866 -719.518552603065 
5 116 231 -0.07775119002756235 0.9969727942372839 -40.43614066521233 
5 116 352 -0.8474887170840877 -0.5308134082850274 901.8374300301712 
5 116 342 0.8120263805616648 -0.583620730673545 -737.644062358167 
5 117 215 -0.9942202328132184 -0.1073598093554108 994.9543374234652 
5 117 239 0.3639398677921719 -0.9314224458490447 -247.5313125722926 
5 118 311 -0.9757354863143485 0.2189526449872252 956.9579365829906 
5 118 140 0.7393283866848757 0.6733450353584994 -788.4006597632792 
5 118 251 0.2928837352070991 -0.9561480626195599 -223.4150955512454 
5 118 207 -0.5956682772343094 0.8032305419346989 534.0612308223957 
5 119 213 0.3348661766732736 0.9422656969879696 -423.586155867804 
5 119 353 0.6458062931869749 -0.7635012977592762 -571.4684542780961 
5 119 168 -0.8567099321624628 0.5157984995462747 803.3396043665764 
5 119 339 -0.9738423686841188 -0.2272246486534962 989.1335746134309 
5 120 145 -0.7344643727399511 0.6786472464953425 197.4680384872102 
5 120 163 0.7673222611561851 -0.6412616841307137 -393.1448826345325 
5 120 321 -0.7600071530818784 0.649914707684307 277.0806381573876 
5 120 170 -0.537390068405216 -0.8433338095792421 834.4523377126799 
5 120 278 -0.07167910484558665 -0.9974277447156438 509.1101449128965 
5 120 332 0.4737243714515972 -0.8806731629229932 -25.0977033726216 
5 121 299 -0.613258795521743 0.7898820479762919 566.9543033064299 
5 121 279 -0.9098218807616791 -0.4149989702243623 925.2507820159342 
5 121 244 -0.6429075390148313 -0.765943794463989 678.5070507047183 
5 121 294 -0.1041567300934583 -0.9945608958612029 155.0810119373634 
5 121 360 0.99263150986681 0.1211721321902723 -995.6934563437463 
5 121 377 0.6904262213859829 -0.7234028150502828 -649.902236301005 
5 122 329 -0.5338508291953682 -0.8455786729615512 555.9077927035695 
5 122 154 -0.7754758239700688 0.6313772615781652 753.9669144451336 
5 123 332 -0.9387033036354706 0.3447261344079579 702.0923729264421 
5 123 163 0.8264331569236181 0.5630348454023626 -973.655425431352 
5 124 216 -0.1318728459351055 0.9912666404681314 8.022004741465409 
5 124 215 0.9444213287782125 -0.3287375149702198 -890.1657700521818 
5 124 199 0.2254875350328533 -0.9742460528761756 -106.5791033759334 
5 125 240 0.9989459145002046 -0.04590272217799021 -983.1882604918027 
5 125 314 0.5951197391629613 -0.8036370424878442 -468.9651030017548 
5 125 331 -0.07338095067636739 -0.9973039837872064 219.5527016490932 
5 125 373 -0.9749752685399679 0.2223133503310535 924.4957698668123 
5 125 350 -0.4661349207579203 0.8847136461307734 319.2416122709351 
5 125 133 0.6396190605673054 0.768692043252041 -752.6391385112727 
5 125 385 -0.893932127678507 -0.4482023550854875 947.5912458757495 
5 126 156 0.329649021843685 -0.9441035549120136 -119.0685731109019 
5 126 288 -0.5437617828941558 -0.8392396102805019 695.8834365006862 
5 126 230 0.6360548635127985 0.7716438366252368 -781.5073978781818 
5 127 148 0.9940649569850302 0.1087881486851854 -998.3865802690226 
5 127 137 0.8872210572376831 -0.4613445519284345 -786.1545412860178 
5 127 346 0.3615723052635103 0.9323440717173198 -531.4613687352994 
5 127 369 -0.9553371798504403 0.2955179737264851 872.4530163528619 
5 127 273 0.4851445991114279 -0.8744339414461287 -314.4629135000436 
5 127 171 0.1123243212563006 -0.9936715990981684 71.43737887436052 
5 128 201 -0.1734685825122032 -0.9848394035989863 226.5676383462747 
5 128 247 -0.02278167334818945 -0.9997404640002607 73.17475009057023 
5 128 224 0.1472786076856704 0.9890950468575658 -202.4665001321358 
5 128 348 -0.9634278254861641 -0.2679679553211563 976.990786691719 
5 129 141 0.06279829843273572 -0.9980262389907155 31.92777323252521 
5 129 380 0.02781462526037713 0.9996130984644133 -127.8204968992221 
5 129 282 -0.2565794599751622 0.9665231402914541 161.7145240019315 
5 130 308 -0.2132686248674256 -0.9769935995937524 259.1681494447416 
5 130 192 0.7903011467291582 -0.6127186119896944 -755.8411900178951 
5 130 244 -0.975128152369213 0.2216417976307827 957.5935486527784 
5 130 294 0.8871915850162704 0.4614012261322219 -905.3675863553734 
5 131 223 -0.3846342041860887 -0.9230690813639759 460.0116758032747 
5 131 190 0.9620417898698748 0.2729021702807942 -977.1708818326223 
5 131 301 0.1870572903242934 0.98234900627859 -272.1037936202756 
5 132 336 0.9023967470972868 -0.4309061508359279 -847.3373528727069 
5 132 231 -0.7002188181623361 -0.7139282924015136 781.0604283581198 
5 132 239 -0.9973501445418678 -0.07275087066362482 998.415673013585 
5 132 342 -0.4199941296986853 -0.9075268211015275 525.3771241572852 
5 133 271 0.625933786741209 0.7798762046734151 -747.8309372139704 
5 133 134 0.9068969094539934 0.4213525787541774 -969.4721496698505 
5 134 357 0.6492408866066639 0.7605828496345373 -768.9191587368651 
5 134 271 -0.1692316487162534 0.9855763030190908 9.638786330740572 
5 134 261 0.9055738459113828 -0.4241886486002037 -835.1985129172674 
5 135 302 0.0006826936418345895 0.9999997669646684 -145.0559323063704 
5 135 232 0.003177677116535093 -0.9999949511713261 102.9404107086113 
5 135 327 -0.004079631733564453 -0.9999916782678336 124.4327000791576 
5 135 249 -0.007043328204471891 -0.9999751954562693 131.1751345143292 
5 135 291 -0.8135504766709929 0.5814943008391399 737.1756555302134 
5 135 262 -0.4059544753293122 0.9138933000958607 284.4052628120616 
5 135 390 -0.9986244602243922 -0.05243269439520803 1002.944189751904 
5 135 285 -0.6613624739162419 -0.750066449119935 755.4255985386909 
5 135 212 -0.236588386910887 0.9716099707078476 106.5743454741332 
5 136 284 -0.9757540358203594 -0.2188699650026946 996.7437852524656 
5 136 187 -0.7158460882704224 0.6982581026439538 637.8433519514143 
5 136 153 0.1953089562208225 0.9807417660219905 -302.3573461061574 
5 136 384 0.70091891019359 -0.7132409700325902 -622.238640331329 
5 136 337 -0.7119213826875292 -0.7022591721524729 785.9719317279203 
5 137 148 0.2719135891901542 0.962321671798847 -448.3124409154938 
5 137 273 -0.8764087437123547 -0.4815679743759259 950.4497209631295 
5 137 183 -0.3390616850765914 -0.9407641435094254 504.6717241449084 
5 137 226 0.9266515699299427 -0.3759213587259607 -848.8695333141926 
5 138 197 -0.9668996384843994 -0.2551569891238291 1004.59464435302 
5 138 343 0.4607705877657875 0.8875192761005086 -687.5338455568551 
5 138 370 0.9997813786954799 -0.02090920404428554 -984.1724450106692 
5 138 393 -0.1796132993993796 -0.9837372935285461 416.5346177077696 
5 139 366 0.9775809664322532 0.2105598586373526 -992.7914166112656 
5 139 195 -0.4700453052903413 -0.8826422893644457 551.7517530733641 
5 139 270 -0.9991136992592777 0.04209294421208239 986.5391643743139 
5 139 269 0.1177062808343577 0.9930484537282878 -214.853202817052 
5 140 251 0.2093108846704987 -0.9778491466266426 -138.2511905224413 
5 140 158 0.1647100773768568 0.9863420250656005 -239.6022388367775 
5 140 207 -0.6628247066555842 0.7487746044350988 605.1710238833118 
5 141 380 -0.00338998078253283 0.9999942539986386 -94.88901706074725 
5 141 232 0.03985673936972812 -0.9992054044723806 48.44759096063827 
5 141 353 -0.9998419819823098 0.01777670007865721 995.9823753630378 
5 142 232 0.05682131391613502 0.9983843640025839 -138.8971881376649 
5 142 158 0.01317008215748391 -0.9999132707069975 66.22816134976551 
5 142 253 -0.8592159228595664 0.5116131330454523 815.8553963633722 
5 142 317 -0.99961596662177 -0.02771135642338996 1000.045989386733 
5 143 382 -0.8390732896637282 0.5440183954361187 795.6631292678558 
5 143 234 -0.5346658509039129 0.8450635644004506 472.1748760369374 
5 143 293 0.6286755359957957 0.7776677120984251 -679.5782684507838 
5 143 180 0.9948569334028364 0.1012900886577979 -997.7463139408433 
5 144 247 0.2207716084661819 0.9753255338066644 -264.6268469785143 
5 144 265 0.05440711219182321 -0.9985188361482955 -10.14783220298275 
5 145 321 0.7066964011993444 -0.7075169231416978 -114.2085670118659 
5 146 246 0.8391338427132158 -0.5439249893260578 -822.6753785575105 
5 146 313 -0.7020617053186521 -0.7121161154791164 716.9662070707211 
5 146 329 0.2972708723652299 0.9547931862153265 -321.9098721450655 
5 146 229 -0.9429932271847284 0.3328119190830328 929.3137045833406 
5 147 309 0.3996775709011239 -0.9166557910789509 -382.153190922348 
5 147 246 -0.2751218910228679 0.9614093535430166 253.5454764062634 
5 147 389 -0.7771850239605987 -0.629272149813865 787.6960053995643 
5 147 193 -0.9944191144714311 -0.105501776164456 994.5989160951959 
5 148 346 -0.967587603960102 0.2525355988029186 904.219081863358 
5 148 211 -0.5873048793274356 0.8093657879588104 424.4600428105801 
5 148 338 0.3441172809965659 0.9389266728129148 -523.1192054453074 
5 148 202 0.9149436321854688 -0.4035816521142427 -832.810811198796 
5 149 178 -0.8767582517401196 -0.4809313547748882 928.9246509872089 
5 149 341 -0.0158888967604255 -0.9998737635120428 148.6298351645886 
5 149 175 -0.4615871547800618 0.8870948644547814 336.6184186483978 
5 149 179 0.3720551157984382 -0.9282106392453227 -244.9286784707641 
5 149 205 0.4496228655952327 0.8932184943976089 -565.8921215290113 
5 149 292 0.9426880332493504 0.3336753991058851 -979.0339243748131 
5 149 351 0.9970434191715225 -0.0768402257073712 -977.578954686594 
5 150 243 -0.1854334392894373 0.9826568269712933 41.75256782203908 
5 150 378 -0.2432227301300801 -0.9699704652967895 381.2421518569868 
5 150 325 -0.9275923540797705 -0.3735939301604747 977.9789212336767 
5 150 263 -0.9808508885710494 0.1947601971383857 949.1314826704739 
5 151 255 -0.5101136004502689 0.8601070367318612 494.5096763740406 
5 151 349 -0.07978830218493917 -0.9968118312070963 90.8455627806452 
5 151 389 -0.3006016073033032 0.9537497961659916 284.7374861146891 
5 151 164 -0.1054593737853776 0.9944236121898936 89.84204564444615 
5 151 371 0.8349286388169868 -0.5503582179664565 -826.1802547971606 
5 151 323 0.896712461281414 -0.4426135580646265 -889.3568268561169 
5 152 354 -0.6332228303079658 -0.7739695389204726 756.3909961457286 
5 152 171 -0.9688012933282433 -0.2478387662282137 994.0459329883278 
5 152 273 -0.7932252697102681 0.6089282974973921 671.0666640738549 
5 152 183 0.9678054500556219 0.2516994454555573 -998.4336282407008 
5 153 384 0.07054980673585393 -0.9975082579956589 38.59361982162777 
5 153 327 0.4751747013236066 0.8798914724112407 -572.4511813627323 
5 153 187 -0.9983925027497927 0.05667813028854303 990.0948615114607 
5 154 329 0.4266891962759259 -0.9043983247338555 -398.8157275090205 
5 154 268 -0.9360792226934642 -0.3517892676611952 941.103614455713 
5 154 388 0.6242010559365 0.7812637466104251 -645.2238930986593 
5 154 260 -0.9423473228934809 0.3346364042292616 927.8386119635311 
5 155 314 -0.8646426604822777 0.5023873701379531 784.6268319422512 
5 155 263 0.4970892167484469 -0.8676994356298819 -368.2587173166108 
5 156 346 0.7333234066343252 -0.6798799756443988 -576.80891334464 
5 156 369 0.1763644732155315 -0.9843249324219152 25.15784696700143 
5 156 359 -0.6496115244184899 -0.7602663134341056 780.5901573116641 
5 156 288 -0.9539946081032169 -0.2998237610830563 976.5015960815597 
5 156 298 0.4270406678348208 0.9042324192458433 -601.9811932256182 
5 157 309 -0.005972090934405787 0.9999821669059259 -6.917775414827076 
5 157 392 -0.08562035568776019 -0.9963278349478657 91.4424641527761 
5 157 349 -0.8942728103165712 0.4475222237258186 889.9614912755469 
5 157 254 -0.6043842432545463 -0.7966929687813425 608.9542091475574 
5 157 383 -0.05650408942279781 0.9984023677248068 46.56523853259735 
5 158 232 0.02207895826896515 0.9997562300889939 -102.8747032160371 
5 158 251 -0.004692675916470697 -0.999988989335754 79.23259828545655 
5 158 374 -0.9576682710628321 0.2878740742052434 934.0697541178304 
5 158 182 -0.995874717558668 -0.09073889423749516 1001.483322016208 
5 158 207 -0.886516040891145 -0.4626978595613879 920.8267825751925 
5 159 194 -0.147090224990328 -0.9891230791525869 182.4025574998744 
5 159 181 -0.9862709106333124 0.1651353712520021 979.4784829191257 
5 160 245 -0.9457217274480501 -0.3249775595832365 976.5934772445996 
5 160 185 -0.3045655509827717 -0.9524913779948672 403.6335109371195 
5 160 384 0.4589940864350499 0.8884393218547084 -553.5974517206907 
5 160 380 0.596339215347539 -0.8027325458947592 -511.2283021840338 
5 160 337 -0.744485590564413 0.6676385290274652 670.9608944915153 
5 161 295 -0.9848522334609396 0.1733957273031802 972.7164387454796 
5 161 218 0.5658916905775637 0.8244795901265639 -597.880902394176 
5 161 362 -0.9017753387458495 0.4322050883895379 879.6681795695361 
5 162 335 -0.584107371020921 -0.8116764004940813 643.2693698563169 
5 162 235 0.1810354330068595 -0.9834765741978906 -103.9213943259777 
5 162 253 0.644878696226644 0.7642849384575258 -704.264629096236 
5 162 207 0.5493967528315014 -0.8355616123172499 -481.5939691621862 
5 162 182 0.748761650439395 -0.6628393401355063 -693.3405357448738 
5 162 317 0.9688581703391923 0.247616327747168 -984.4885013050445 
5 163 289 0.3625913646636158 -0.9319482293944105 8.472708345795638 
5 163 332 -0.9611018968588187 -0.2761940329811279 976.9810573825764 
5 164 389 -0.6486926596169894 0.7610504801647764 634.2186252179453 
5 164 309 0.6552361121260418 0.7554241440184111 -667.9965458803092 
5 165 321 0.4642371114048592 0.885710959847778 -820.3069179107276 
5 165 170 0.670926077706606 -0.7415242398284964 -167.1686834075439 
5 165 267 0.6223855499569605 -0.782710819654853 -113.2584498821185 
5 166 360 -0.6573000956775742 -0.7536289433283808 695.8335683064843 
5 166 201 0.9077556538982754 -0.4194993120563064 -884.0340310063038 
5 167 228 -0.1239214927601036 0.9922920253796801 -48.93374703480067 
5 167 315 0.9991025772262719 -0.04235611148135841 -986.7117092584014 
5 167 367 -0.4819785782265945 -0.8761830003661739 627.8080296119928 
5 168 213 0.6970641431908559 0.7170087728037907 -762.5316637886455 
5 168 339 -0.7595461301085319 -0.6504534389463655 815.6566984253973 
5 169 334 0.5160726615914396 -0.8565448079102035 -424.6764841616359 
5 169 391 0.4662694971022469 0.8846427279258093 -553.8440127228441 
5 169 303 0.8774592491346531 0.4796511921261642 -920.1131567953444 
5 170 278 0.4565251926399748 -0.8897104857677208 13.12321775591153 
5 170 267 0.05126952582341347 -0.998684853055178 402.5939179977773 
5 171 273 0.830724099207645 0.5566843549046864 -912.9199916170263 
5 171 369 -0.5698139336775748 0.8217737407503896 403.2363322424031 
5 171 372 -0.4505631028887008 -0.8927445829100874 595.5155044259898 
5 171 354 0.1420344413014305 -0.9898617163443542 33.13069848378117 
5 172 251 0.9655841058472393 0.2600910120230749 -982.1340627803306 
5 172 266 0.8029662317642309 -0.5960245218498577 -759.3526018535141 
5 172 180 0.4476740768924371 -0.8941968020958834 -384.1997549699921 
5 172 293 -0.9793967567530103 -0.2019455195385251 989.8824442449802 
5 173 324 -0.4336952029911561 0.9010596378167541 258.7609423041505 
5 173 372 -0.0889827657282776 0.9960331658149475 -74.27831188725571 
5 173 178 0.2984777423482803 -0.9544165952678493 -157.2942782620974 
5 173 350 0.2392614736836725 0.9709551726061906 -387.3864906179654 
5 173 225 0.6757505448205108 0.7371303827510997 -773.0162295694179 
5 173 385 0.8678914130432874 -0.4967539583795239 -775.8339122565483 
5 174 365 0.1187807436689554 -0.9929205078622608 171.1136185132315 
5 174 280 0.5352162051657691 0.8447151080263413 -770.7399785013083 
5 174 347 -0.8830975387130381 0.4691894469390527 688.0013825708461 
5 175 331 -0.2448584661166746 0.9695588334758182 106.5590130805262 
5 175 272 -0.05840147716194198 0.9982931771104636 -80.76354267448326 
5 175 178 -0.8271971791694075 -0.561911760665476 890.874285682452 
5 175 205 0.6844401258247382 0.7290690736555877 -776.0226002934104 
5 176 393 -0.7393660164709619 0.6733037157834949 574.1283558625886 
5 176 186 -0.8214356326514964 -0.5703012374267091 937.101697816133 
5 176 256 0.5365794851602035 0.8438497829028642 -730.8310595070584 
5 176 248 0.09421229905889392 -0.9955521295773706 118.5739260109703 
5 176 379 -0.5130100215082865 -0.858382617386948 693.4076970173211 
5 176 287 -0.1673285085757364 -0.9859011969856917 376.802354578173 
5 177 305 0.5554031128095802 0.8315812541666803 -749.5118531386429 
5 177 258 -0.6182971241605745 0.7859444422188908 363.1783893365267 
5 177 184 0.5526013664757718 -0.8334456969527826 -304.4311233724239 
5 178 216 -0.04189687024069892 -0.9991219406378954 168.9705849578448 
5 178 331 0.218977770365689 0.9757298479013908 -350.2457075183177 
5 178 322 0.8080636269936953 -0.5890952170318428 -720.7682266077427 
5 178 341 0.9841164582816876 -0.1775240731256119 -947.2843049195154 
5 178 385 -0.08175650949195448 0.9966523331411471 -59.6809428804924 
5 179 341 -0.9870850298584032 0.1601972029388639 955.8412869043107 
5 179 322 -0.278429086940738 -0.9604567890047667 399.8627026353346 
5 179 242 0.9950761775254752 -0.09911307139469086 -973.5052377013895 
5 179 351 0.5596242227239746 0.8287464807409968 -664.8763675850123 
5 180 375 0.2724785343524359 -0.9621618618076422 -206.9800401507377 
5 180 293 -0.6296504032423966 0.7768786067956096 573.6463311691716 
5 181 189 -0.8674050514188759 0.4976027298689359 846.8114512615501 
5 182 374 0.6694722951565031 0.7428370252066628 -725.9383168732739 
5 182 207 -0.2386938906272074 -0.9710948597213593 312.9139916187904 
5 182 317 -0.2159034968797364 0.9764147069944724 137.8682695593546 
5 183 273 -0.997697070977149 0.0678273880052724 970.1477204612543 
5 183 226 0.8268854362430631 0.5623704075866006 -919.0634151390987 
5 183 228 0.8951193519169535 -0.4458265871656525 -807.3641524664091 
5 184 305 -0.5332165151958773 0.8459788105634589 282.653251633046 
5 184 365 -0.02286223104038661 0.9997386250374926 -244.1667220900209 
5 184 197 0.6404126927387989 -0.7680309778772214 -421.469441580507 
5 185 303 -0.9800529127770512 -0.1987367307701763 995.5400334047577 
5 185 245 -0.6140774440987986 0.7892457745525706 528.9738890415994 
5 186 393 0.2000510452181153 0.9797854761666656 -419.0916214421185 
5 186 222 -0.9872149445738581 0.159394646114712 930.0109185043964 
5 186 379 0.1167576389427537 -0.9931604370636768 98.15540409938302 
5 187 376 -0.9153401769546171 0.4026814627626782 866.6690699308988 
5 187 284 -0.6685548209672345 -0.7436628613568578 747.5039343623721 
5 187 327 0.7539902114195235 0.6568856529743532 -825.8240183986358 
5 188 232 0.001642942519046786 0.9999986503690289 -72.51858637912471 
5 188 251 -0.008864118700650077 0.9999607129280934 -55.73413420996958 
5 188 252 -0.03111308076349251 0.9995158709122153 -29.54960464050583 
5 188 220 -0.8029335933808237 -0.5960684898739056 836.8904529680389 
5 188 224 -0.06709002896103003 -0.9977469258354085 124.2460282938005 
5 190 283 0.8393922989796108 -0.5435260512741995 -785.8968459763424 
5 190 301 -0.9955862310341159 0.09385124706301941 977.9985201623128 
5 190 286 -0.4737206541597114 0.8806751624875628 390.2700846251629 
5 190 339 -0.01002107609922821 0.999949787756272 -81.32919018486237 
5 191 308 -0.07218671915684734 0.9973911357022232 25.14043683215657 
5 191 279 -0.4544568729665385 0.8907687413765009 407.9358186760771 
5 191 295 0.212762877389758 -0.9771038624449454 -168.942288466859 
5 192 308 -0.9438077516256391 -0.3304949741998446 953.9820150739971 
5 192 294 0.3344283026493597 0.9424211958498538 -379.3025094716048 
5 192 250 0.9993707967187465 -0.03546844605755711 -993.6552344501372 
5 192 237 0.952496557508371 0.3045493522152072 -963.2005729312385 
5 192 340 0.8403755821670416 0.5420045026541809 -863.1477390355126 
5 193 389 0.4802086926662566 -0.8771542689218157 -462.6939688160849 
5 193 255 -0.8753886635562663 -0.4834197841598685 881.289672357257 
5 194 217 -0.9866894329337368 0.1626159984039117 979.5196949220722 
5 194 381 -0.6695373187140549 0.742778418405647 642.8018628727643 
5 195 270 -0.5180199760627436 0.8553685196451611 430.5679619364165 
5 196 206 0.7333476040408671 0.6798538752169615 -813.9058980491097 
5 196 227 -0.898775730945114 -0.4384086968390066 946.507186569276 
5 196 322 -0.8282233065762613 0.5603982106001806 749.4366658728542 
5 197 344 0.2890605353071035 -0.9573108204381536 -54.46209411397689 
5 197 393 0.9197817119401758 -0.3924303790233364 -799.677210710909 
5 198 392 0.07630437295280849 0.9970845714723896 -79.10539603094136 
5 198 264 -0.7709098598210546 0.6369442581817361 769.1987494326213 
5 198 386 -0.2352827272298031 0.9719269716739556 232.6747513431517 
5 199 223 0.0769025675833664 -0.9970386126420008 24.00601913277822 
5 199 215 0.1048540154162244 0.9944876245841846 -220.7802533233921 
5 199 352 0.9877974113963741 0.155744258445127 -993.4000158193722 
5 199 356 0.7163294544592659 -0.6977622178608487 -629.6536775870381 
5 199 233 0.4071585866084282 -0.9133574794958583 -301.8464776065262 
5 200 296 0.2113460681363928 -0.9774112949435806 -152.6265462862976 
5 200 345 0.7162802885134063 0.6978126885398053 -756.7151354061155 
5 200 276 -0.6046979435277362 0.7964548933199713 552.5346320158149 
5 200 277 -0.655204764471031 0.7554513330549234 605.2645972620292 
5 201 209 -0.3711697360749759 -0.9285650365063467 418.5928541568245 
5 201 247 0.02769909214085256 -0.9996163065369494 21.53225677744204 
5 201 360 -0.9916852159763004 0.128687343643571 983.1357666983095 
5 202 338 -0.3180510810614049 0.948073578281597 134.0543767396142 
5 203 368 -0.236545125838305 0.9716205038193362 213.0977496344611 
5 203 318 -0.9954656000178366 0.09512223284347648 987.5553425540517 
5 204 358 -0.9774275993438428 0.21127065115849 955.9563237691289 
5 204 210 0.3216394099251714 0.9468622338983572 -380.8043582312467 
5 204 300 0.9393057764892806 0.3430811248872044 -955.5612726551742 
5 204 276 0.5881226807559112 -0.8087717307006228 -533.5766772243497 
5 204 277 0.4723879898370996 -0.8813907119193306 -413.9403411183098 
5 205 292 0.9912897248080076 -0.1316992083881467 -964.4703311314408 
5 205 272 -0.2466987508214549 0.9690922176672011 108.9776386459052 
5 206 242 -0.1891576214412993 0.9819467369723626 61.25644197295033 
5 206 322 -0.9722208854283192 0.2340652685405828 933.9004594917353 
5 206 285 0.9055322108685407 -0.4242775212988932 -847.3993373533106 
5 206 390 0.8681433459103229 0.49631354097146 -926.4569994314236 
5 207 235 -0.6414408258263481 -0.7671725144732524 697.0703771542568 
5 207 311 -0.4780383482486688 -0.8783389650947319 542.6511143657775 
5 208 243 0.1594532069921035 -0.9872054876163996 -8.513652450124681 
5 208 302 0.626509872033715 0.7794134847719136 -748.8022560296279 
5 208 240 -0.2609669130566404 -0.9653477457837086 408.2939475762922 
5 208 261 0.3997898212190134 0.9166068398444719 -543.5261260422899 
5 209 247 0.243643095050928 -0.9698649608239307 -196.8005867858816 
5 209 250 -0.4348309456470204 -0.9005121035875743 478.1549282481605 
5 209 237 -0.7051949368123775 -0.7090134703192786 738.4959779614882 
5 209 340 -0.8380130969928115 -0.5456501161628363 862.9484633120468 
5 209 294 -0.9999456108956173 0.01042953741020505 996.334832701948 
5 210 275 0.1690892150281477 -0.9856007494727086 -104.3471234732306 
5 210 320 0.9354728188836974 -0.3533986490208884 -907.6696236258412 
5 210 300 0.1508344218180813 -0.9885590408239688 -85.99904357618004 
5 211 346 -0.9573169594820699 -0.2890402032382432 996.7860284531732 
5 211 338 0.9804354025408002 0.1968411071007763 -1009.183760210063 
5 211 287 0.1523048015391294 0.9883335709304458 -346.3188762351363 
5 212 236 -0.9891707184277064 0.1467695125195113 965.5113170989174 
5 212 262 -0.3073634112983926 -0.9515922096124029 436.8783665219611 
5 212 378 0.3389518441577514 0.9408037241327541 -470.0888098820141 
5 213 366 -0.247519328075899 0.9688829558975921 151.755450082423 
5 214 350 -0.4537222708657148 -0.8911431427781168 592.6037197415561 
5 215 216 -0.6663350209484447 0.7456524926918944 564.8711016227586 
5 215 352 0.5867797816587167 -0.8097465577799937 -483.7028629977734 
5 215 239 0.9878673519399059 -0.1553000160052728 -957.1084626041927 
5 216 322 0.8291684888056923 0.5589987631217841 -888.29554521006 
5 217 381 0.1466939491602353 0.9891819272913219 -180.6712008243193 
5 218 316 0.1582336811170658 0.987401692402916 -199.5326090225945 
5 218 362 -0.8833623108310024 -0.468690759246768 899.0454307811731 
5 219 322 0.2023155516723352 0.9793203855488348 -323.7852208244016 
5 219 227 0.9114741798946433 0.4113572892090129 -953.9602505827129 
5 220 296 -0.9961058662723835 0.08816520389441886 988.6462204674802 
5 220 224 0.6756738645299181 -0.737200670639417 -633.2636270599507 
5 221 283 -0.4254763047674554 0.9049695652790934 344.6622962503129 
5 221 241 0.8679418399624091 0.4966658458588307 -907.5342352492542 
5 222 344 -0.9067806941572812 0.4216026241659784 787.4316325261267 
5 222 379 0.4540806018617259 -0.8909606091252815 -253.0904331525943 
5 222 230 -0.9888018530286274 0.1492343641630596 927.465552433795 
5 222 298 -0.7193896319379844 -0.6946067646230717 849.2335044563672 
5 223 279 0.09287250006277223 -0.9956780095653868 -24.2845970389791 
5 223 358 0.120311763827338 -0.9927361580423848 -44.80658447648425 
5 223 324 -0.2818473150895393 0.959459270097912 135.1813486636026 
5 223 335 0.3711171106690998 -0.928586070414918 -292.4881435850563 
5 223 301 0.3240280689985129 0.946047467361493 -402.8063955683733 
5 224 247 -0.03741475780543527 -0.9992998228251423 88.41147579076548 
5 225 350 0.1987749003042478 0.9800451719227212 -349.5999852019992 
5 225 373 0.6481807335594497 0.7614865308344815 -750.7037232600433 
5 225 385 0.7659821825874624 -0.6428618016016718 -654.003767692471 
5 226 228 0.3187726193946663 -0.9478312176354307 -147.20241905691 
5 227 322 -0.6469468988391531 0.7625350549859347 544.0570232440274 
5 228 315 0.560081330300258 -0.8284376279775644 -413.4661117754958 
5 229 329 0.9392551712684724 0.3432196428607094 -944.0630753853153 
5 230 344 0.1483807574780693 0.9889303063463241 -363.2882836988638 
5 230 298 0.1105638148705517 -0.9938690270057068 108.5598774744484 
5 231 239 -0.7761216238453705 0.6305832419273647 693.9155817196367 
5 231 352 -0.7332682726059886 -0.6799394387660047 806.2852441893464 
5 231 342 0.491832089029053 -0.8706900689690434 -385.7412109566934 
5 232 251 -0.01249068393826621 -0.9999219883644695 89.83916056511138 
5 232 302 -0.001586330639580612 0.9999987417767595 -120.3017861258298 
5 232 253 -0.9600510302440084 -0.2798249798131292 981.6718576329007 
5 232 327 -0.00738221687116881 0.9999727510657813 -90.48609267583592 
5 232 380 -0.02080554110136275 0.9997835413025559 -72.72628831152247 
5 232 330 -0.9122513177008729 0.4096309721603351 876.6999367878162 
5 233 356 0.2571694452027392 0.9663663262211258 -358.0313354804112 
5 234 297 -0.4196951377216546 0.9076651317379122 351.0544356670867 
5 234 333 -0.6934808457627331 0.7204750631078112 636.2826514926397 
5 234 382 -0.5795344149474329 -0.8149477663577811 632.7590379946422 
5 234 293 0.9249982501749243 -0.3799713636227448 -892.8656339000765 
5 235 335 -0.9752401380339738 0.221148531913454 952.190669005167 
5 235 297 -0.8525569713713635 -0.5226342990716243 885.8230475608523 
5 235 311 0.7714841780274507 -0.6362485073092972 -720.6588245275226 
5 236 292 -0.8009559569814941 -0.5987232707819689 878.4551234461281 
5 236 262 0.2651324761856484 -0.9642119943620627 -131.8510252362767 
5 236 378 0.6579798520487423 0.7530355332239741 -761.756164611597 
5 236 325 -0.3129136145018242 0.9497815906088114 178.3901117211369 
5 237 250 0.6295390337350719 -0.7769688571647593 -589.9161710061819 
5 237 340 -0.2573570392754855 0.9663163841803347 209.1123288487115 
5 239 352 -0.03031176621712361 -0.9995404928409846 148.0740994276498 
5 240 243 0.7508145972766537 -0.6605130131316842 -649.4069011557956 
5 241 274 0.5721410360516258 0.8201552504652836 -643.6052573530378 
5 241 330 0.3216677105179088 -0.9468526200049123 -239.529383937145 
5 242 322 -0.6942330983245241 -0.7197502380622959 780.9459415832755 
5 242 351 0.1518825641543585 0.98839854649119 -281.7717763568589 
5 243 302 0.1499815799733015 0.9886887911110919 -302.4334393950421 
5 243 263 -0.7471206700101065 -0.6646884265907219 841.3127397490057 
5 244 308 0.09747142518536446 -0.9952383238563183 -48.52485359804766 
5 244 279 -0.8765022253770036 0.4813978073373002 845.3257430573063 
5 244 294 0.9379788337216972 0.3466925258641795 -949.9313913496496 
5 245 284 0.2653762226184282 0.9641449374802392 -367.316455417663 
5 245 391 -0.8171523273593643 -0.5764217847125267 872.5135832175214 
5 245 303 -0.6022154734560077 -0.79833359163332 681.8920625421498 
5 245 337 0.6532545530574202 0.7571383551965587 -731.00660762129 
5 246 368 -0.9328834011971731 -0.3601785109786456 937.9493012947054 
5 246 313 -0.9984309878481483 0.05599609365456437 993.3718189422876 
5 247 265 -0.107254754189181 -0.9942315714680451 151.691747882293 
5 248 338 -0.6816725479511606 -0.7316573907026243 822.2852448999736 
5 248 256 0.1065730373456841 0.9943048766404174 -323.6141822450395 
5 248 287 -0.9547467766424795 0.2974198925606613 886.7344402345083 
5 249 327 -0.0005786037516265658 -0.9999998326088353 116.4665287934809 
5 249 306 -0.4285540139180089 -0.9035161631950824 534.7533148231928 
5 249 336 -0.9803706119474935 -0.1971635443729318 1002.746816218147 
5 249 285 -0.4669604579067467 0.8842781976004619 357.8785377014217 
5 251 252 -0.005742433272025317 -0.9999835120941326 72.90659317111474 
5 251 266 -0.5968406455196356 -0.8023597970086142 652.3883207773656 
5 252 266 -0.2671112570186156 0.9636656974147908 203.1492064606213 
5 252 375 -0.5276025111252334 0.8494913715008223 472.0202992764698 
5 252 363 -0.9997575507246547 0.02201907738847563 996.7286773587432 
5 252 345 -0.9454504096809011 -0.32576605537443 964.5187557306144 
5 253 317 -0.01259379291867765 -0.9999206950453228 94.23682190604367 
5 253 330 0.4701511427198443 0.8825859181967638 -542.6500383503168 
5 254 349 -0.2207371839808865 0.9753333253858336 213.7843907171663 
5 254 392 0.8108706933090565 -0.585225357219328 -807.3133998513099 
5 254 386 0.1248580651124485 -0.9921746134508662 -120.1227763619201 
5 255 349 0.1926648936242263 -0.9812646120006394 -178.9398943407016 
5 255 389 0.8350399459976146 -0.5501893206781654 -822.2971656830804 
5 256 370 -0.3962378725394407 0.9181478902472182 169.6813901572656 
5 257 319 -0.5502103693130123 -0.8350260771379769 683.7744753393788 
5 257 367 0.9994743797268004 -0.0324185790824868 -985.3220817649112 
5 258 290 -0.6153317185975749 0.7882682767229411 326.1142943612221 
5 258 347 -0.3036505488808042 0.952783471815284 2.848383671696865 
5 258 305 0.6592634789698955 -0.7519120063521464 -410.9454853622322 
5 258 324 0.2238315186924649 -0.9746278526903613 24.13233497552031 
5 259 260 0.2994746545447498 -0.9541042559832248 -268.945784332091 
5 259 388 0.9977810503165307 -0.06658059499013784 -991.1887733572423 
5 260 268 -0.9098411022746131 -0.4149568274070414 916.7992286920045 
5 260 388 0.748538510853701 0.6630913193285852 -765.3861703645108 
5 261 302 0.9247757001154184 0.3805126863536061 -984.6301703044091 
5 261 326 0.6114879199732116 0.7912537669590175 -737.770374739899 
5 261 357 -0.8247100805891299 0.5655557293270672 731.9765735928426 
5 262 291 0.1567639565929032 -0.987636097919339 -24.91692007915574 
5 262 310 -0.1970344338523556 -0.9803965686784514 328.3333489842641 
5 262 292 -0.9984954100825484 0.05483535396150389 985.5570896801929 
5 262 351 -0.9412799583798636 -0.3376270723037509 981.9379209418734 
5 263 325 0.4501988738272842 -0.8929283140345842 -319.8394391967909 
5 264 386 0.144238657871101 0.9895429296273828 -146.8926611920827 
5 266 375 -0.08465564820256455 -0.9964102675240776 151.781279007111 
5 267 278 0.6315905035175405 -0.7753021577852469 -185.1738412152559 
5 267 318 0.3895084258044333 -0.9210229021188086 -139.8688043146934 
5 268 279 -0.1115814743420782 0.9937552890846157 71.09753426387081 
5 268 318 0.08906303880930456 -0.9960259911859993 -62.91816553883642 
5 268 295 0.08520007705914337 0.9963638626872795 -119.7052047270729 
5 269 366 0.9461660266667713 -0.323681710916163 -908.9327678544532 
5 269 270 -0.8847340359238031 -0.4660962193345688 923.344745618004 
5 270 361 0.1770003148060469 0.984210794778517 -273.1124839965265 
5 271 326 0.9816011638563084 -0.1909428058763691 -948.5422543961058 
5 271 357 0.3225323272431403 -0.9465584492693114 -168.5432133315011 
5 271 328 -0.163946281156543 0.9864692680945208 1.442869400434887 
5 272 331 -0.7494399021395221 0.6620723775246203 645.2831059739697 
5 272 314 0.551241760265998 0.8343455649422751 -665.7703890386775 
5 275 363 0.9761498266070189 -0.2170979410659781 -958.2326771570672 
5 275 320 0.6582194029389529 0.752826153633552 -703.5406866293622 
5 275 300 -0.9981899442407651 0.06014012983539459 988.9196472705978 
5 275 276 -0.2359094835404034 -0.9717750334185892 295.999331783464 
5 276 363 0.9613699268639977 0.2752596296617284 -974.4842722123004 
5 276 345 0.9993096797383064 -0.03715055829087344 -992.771085991264 
5 276 300 0.2120021304501119 0.9772692037942328 -272.5700686659421 
5 276 277 -0.9921465966705295 -0.1250804969413123 994.1818058092734 
5 277 358 -0.9167026995852718 0.3995699695586178 884.1403471613213 
5 278 332 0.8215323220829118 -0.5701619452164963 -471.2617592611813 
5 278 318 0.377451911798339 -0.926029186516159 -137.4819821383436 
5 278 324 0.4859615497974916 -0.8739801897745855 -159.090332769466 
5 279 358 -0.05040577457213587 0.9987288209968627 -7.4090365143811 
5 279 318 0.1061385075529281 -0.994351355012119 -69.12192201348364 
5 279 324 -0.2409571849352801 0.9705357463937458 111.0890669233339 
5 279 308 0.616525125371345 -0.7873352334208393 -572.9247265534221 
5 279 299 0.432727061832816 0.9015249802182623 -477.3948029033121 
5 279 295 0.3459717931539111 -0.9382449138374624 -300.3195153191197 
5 280 343 0.5344725380928379 -0.84518584111697 -276.3786843381786 
5 280 289 -0.5448514179847885 0.8385326065931875 243.4078649656657 
5 280 347 -0.9734328832465396 -0.2289725350655155 992.1676925910765 
5 281 290 -0.9767609115265181 0.214331802852226 814.6120314190005 
5 281 347 0.7242065592382182 -0.6895831056198674 -447.7754194838318 
5 281 289 0.8529028858611752 0.5220696000435949 -966.1718936239813 
5 282 380 0.1897990015354199 0.9818229672482498 -289.0742407631185 
5 282 366 -0.9756973747868934 -0.2191224151791971 994.7253748653867 
5 284 376 -0.5559469930940965 0.831217745761983 461.6615112074184 
5 284 337 0.416669744830852 -0.9090579320057621 -317.1043240080667 
5 285 390 -0.4136193650906397 0.9104499002262652 296.5621897287199 
5 285 336 0.1761657159522491 -0.9843605236512847 -55.35435351013113 
5 286 339 0.5772367828207969 0.8165768160795996 -648.0615372853877 
5 287 346 -0.7622292090087754 -0.647307216809651 876.7635311217946 
5 287 338 0.8404103912341719 -0.5419505275443748 -724.4033504420822 
5 287 364 -0.6639592794981838 0.7477687310714808 500.5398599331169 
5 287 379 -0.6246882720569602 0.7808742297927939 454.689827469375 
5 288 359 0.9949484989028824 -0.1003866750664712 -932.5133860526407 
5 288 369 0.7707576222101318 -0.6371284704084287 -614.9864952062173 
5 288 324 -0.8795388320546637 0.4758271145152597 742.1201245326217 
5 288 372 0.5804731852284023 -0.8142793631369967 -407.6821520795273 
5 289 347 -0.4646987336935762 -0.8854688514586986 724.091950597956 
5 290 347 0.8293229781343087 -0.5587695392005911 -580.7377642637866 
5 291 390 -0.7451332020684514 -0.6669156702126713 828.7089615687784 
5 291 310 -0.380181539450834 0.9249118861063437 256.984878655666 
5 292 351 0.2701308553783197 -0.9628236188277568 -137.9297307479678 
5 294 340 0.5863633774238879 -0.8100481403077543 -543.6986693770784 
5 295 362 0.9829534653616703 0.1838545211124376 -985.1929322666226 
5 297 335 -0.2361232124638939 0.9717231233925283 162.0397635478658 
5 297 333 -0.5968417817785997 -0.8023589517936135 650.2308095238546 
5 302 326 -0.1090493162951038 0.9940363406916118 -50.81323344621758 
5 303 334 -0.5485588048120261 -0.8361119767490486 630.0825316452134 
5 303 391 -0.4407588300409717 0.8976255643312048 344.8344980763346 
5 303 304 -0.1619419983169944 -0.9868002782635901 261.5735680466211 
5 304 334 -0.8706430174525132 0.491915374999789 814.284505835023 
5 305 365 0.8956976210334349 0.4446636612936182 -971.095184652095 
5 306 327 0.3384766055451415 -0.9409748070477968 -230.6112348690453 
5 306 336 -0.1093800969136791 0.9939999971826732 -7.977595215496706 
5 306 342 -0.990651106379277 0.1364198864884238 970.3785394684108 
5 307 387 0.3508075546573377 -0.9364475743977017 -241.3225038940433 
5 307 352 -0.9119375246938061 0.4103290765414192 856.4886360315585 
5 309 383 -0.04214712361027444 -0.9991114151942116 57.81566336328161 
5 309 389 -0.9292311190876879 -0.3694990220813084 934.7197978579761 
5 310 351 -0.9613030772230572 0.2754930012205049 919.101760384534 
5 312 388 -0.7634831927136835 -0.6458276971791473 780.783179515809 
5 313 368 -0.2346359695818483 -0.9720833101017556 256.8372245707182 
5 314 331 -0.8713817699235733 -0.490605555456581 932.6048002135054 
5 315 326 0.3489904672001438 -0.9371262742039758 -192.3848380256709 
5 315 328 -0.1350506982764574 -0.9908386896437994 301.4338636899072 
5 315 367 -0.8698512665171773 -0.4933140725120893 948.8304785350824 
5 317 374 0.5332756347872767 -0.8459415448730646 -464.4628805415763 
5 318 324 -0.220524887904938 0.9753813478914359 104.7728125128368 
5 318 368 0.3333513006594209 0.9428026889803998 -352.8527950473014 
5 320 375 0.9052361278721623 0.4249088758722442 -930.2179595899055 
5 320 363 0.6015947241370697 -0.7988014696346289 -548.1008337198036 
5 322 341 -0.224610179264727 0.9744486991990224 96.01556221155359 
5 323 371 0.4084246488043775 -0.9127920388834585 -395.3019161189977 
5 324 372 0.5914728953826431 -0.8063248811909953 -419.2453491772973 
5 325 378 0.9983522332841201 0.05738308371471321 -1003.245438365693 
5 326 357 -0.9670432668778876 -0.2546120970930933 1006.169752312947 
5 326 328 -0.7042732700224199 0.7099289831609409 586.3346776675769 
5 327 380 -0.02340157830495384 -0.9997261455682935 131.1465462379776 
5 327 384 -0.3035561850391983 -0.9528135402713628 408.5010741499676 
5 328 367 -0.6408814551276362 0.7676398637860619 508.3938728565909 
5 331 385 -0.6040234120458233 0.7969665725113706 477.9532437816673 
5 333 382 -0.03550256028561886 -0.9993695853952961 106.4515634104439 
5 336 342 -0.9105305265348231 -0.4134418462712957 955.2617344918906 
5 337 384 0.8083999071041855 0.5886336638300127 -869.9530222423861 
5 339 353 0.9954488772371769 -0.0952970765933769 -980.8098402670967 
5 343 365 -0.977656368058735 0.2102094812186246 894.7588250349967 
5 344 393 0.7853017686647111 0.6191131820047742 -907.979273639951 
5 345 363 -0.3242518201649737 0.9459708014096955 263.8588941773854 
5 346 369 -0.9855489036072099 -0.1693911408504784 991.4520928228167 
5 346 364 0.1686479958309335 0.985676343178738 -363.0348646141158 
5 350 372 -0.4958437457032763 0.8684117570870081 339.3555687497881 
5 350 354 -0.2314819515169382 0.9728391984916673 63.72966330762625 
5 350 373 -0.1577799581219216 -0.9874742957743482 311.0109045580886 
5 352 356 0.2446281367886616 -0.9696169731864783 -133.1735996377665 
5 352 387 0.8220065626904677 -0.5694780161637516 -749.4251134502927 
5 354 372 -0.9931850483921627 0.1165481001572191 950.5784782076307 
5 355 381 0.9232745393798589 -0.3841407618737036 -906.3088572963106 
5 356 387 0.3099812628286531 0.9507426658645091 -413.4935049803365 
5 356 376 0.7363721122077758 0.6765767601408275 -805.5898921668254 
5 359 369 0.5094165738344983 -0.8605200487511731 -322.0881183825471 
5 360 377 -0.5307511047732912 -0.8475277368805878 573.7246214580102 
5 363 375 0.3127125914610364 0.9498477957766303 -373.407340536765 
5 364 379 -0.1547906914352588 0.9879472869768885 -54.21692197088643 
5 369 372 0.3954564355153513 -0.9184847345544143 -217.4031487384301 
5 371 383 0.4009875319080589 -0.9160835110699697 -388.5379696009725 
5 373 385 0.6483529720119706 -0.7613398870959308 -520.7481249512759 
5 376 387 -0.4399102064374389 0.8980417642137641 335.821842764404 
5 380 384 -0.1662446692660712 0.9860845348856327 61.48849312149616 
5 386 392 0.7929179179495892 0.6093284626492419 -794.9245741095656 
8
5 2 28 0.0007949566772772566 -0.9999996840218907 112.2840688508142 
5 2 33 -0.01249694810745358 0.9999219100949832 -211.1593145502131 
5 28 157 -0.0005845070893321331 -0.9999998291757167 23.30487688620263 
5 33 44 -0.1673854094000506 0.985891538010129 -138.8301501618222 
5 40 44 0.7459196177117711 -0.6660359779416765 -257.1799578866139 
5 40 115 0.4805313201228755 -0.8769775654946748 -94.33436552926986 
5 115 198 0.9118026306556212 -0.410628740749462 -909.5775648441572 
5 157 198 -0.08028568965214243 -0.996771893683344 84.3775816469856 
