3
14
539.109491 644.332055 739.944205 
364.562431 711.433886 821.926349 
330.201273 689.124383 1000.000000 
716.598870 513.038069 944.080904 
716.749166 500.699395 1000.000000 
819.327966 574.141211 1000.000000 
691.094880 886.003869 754.006819 
675.808750 913.515281 767.346618 
1000.000000 898.253581 1000.000000 
809.012750 1000.000000 1000.000000 
809.012750 1000.000000 876.681158 
1000.000000 1000.000000 1000.000000 
986.182544 1000.000000 942.560830 
1000.000000 1000.000000 953.812939 
9
1
2
3
4
5
6
7
8
9
