3
14
274.773668 818.446603 211.140698 
344.784328 857.360449 187.143409 
250.202991 838.334532 218.326014 
279.076984 978.120907 203.867237 
262.272682 897.257517 212.263980 
197.416138 827.674858 188.495102 
161.153825 854.100599 196.618764 
267.172283 1000.000000 198.141613 
262.272682 1000.000000 197.113015 
131.115229 892.360754 184.438560 
115.871774 1000.000000 165.247625 
193.430948 850.902385 165.911431 
296.771338 945.601280 95.416713 
267.172283 1000.000000 95.772089 
9
1
2
3
4
5
6
7
9
11
