3
1
274.790990 819.520472 210.614247 
4
12
-1.000000 0.000000 0.000000 0.000000
0.000000 1.000000 0.000000 -1000.000000
120.853080 13.824885 375.000000 -123699.935936
-49.236441 -105.990783 125.000000 73884.086498
-57.398631 -30.414746 -125.000000 57721.580385
152.448657 82.949308 0.000000 -123679.363775
-81.621906 55.299540 375.000000 -107809.724386
-399.684045 -433.179723 -375.000000 508121.709760
128.225381 -30.414746 0.000000 -25394.876257
-78.725645 55.299540 375.000000 -108569.334525
-189.046867 -431.336405 -125.000000 413391.571737
67.667193 -352.995392 -375.000000 349492.478361
